[[[1, 2, 6], [2, 1, 7], [7, 1, 9], [1, 5, 9], [1, 3, 5], [3, 1, 4], [4, 1, 8], [8, 1, 10], [1, 6, 10], [10, 6, 12], [6, 4, 8], [2, 4, 6], [2, 3, 4], [3, 2, 5], [5, 2, 7], [5, 7, 11], [9, 5, 11], [9, 7, 13], [13, 7, 14], [6, 13, 14], [13, 6, 18], [8, 13, 18], [13, 8, 16], [15, 13, 16], [13, 15, 17], [9, 13, 17], [11, 9, 17], [7, 11, 17], [14, 7, 17], [15, 14, 17], [14, 15, 16], [6, 14, 16], [8, 6, 16], [12, 8, 18], [10, 8, 12], [6, 12, 18]],[[.5000000000, 0., 0.], [-.5000000000, 0., 0.], [-.1653243889, .4718769396, .4162221090], [.1653243889, -.4718769396, .4162221090], [.1653243889, .354054507, -.5201481493], [-.1653243889, -.354054507, -.5201481493], [-.1653243889, -.560280415, -.286346894], [.2794760070, -.8949502289, -.3878572602], [.2794760070, -.496552359, -.839526606], [.8165573682, -.187428424, -.610392067], [-.474102513, .15659182, -.765215854], [.446880000, -.337408491, -1.200952036], [-.527222514, -1.077087930, -.950052380], [-.8503664717, -.367374634, -.324045174], [-1.337673444, -.757382547, -.668054178], [-.561031617, -1.233493119, -.2555663714], [-.561031617, -.4075616730, -1.191936629], [.90201363e-1, -.949044603, -1.282180547]]],
 
[[[1, 2, 6], [2, 1, 7], [7, 1, 9], [1, 5, 9], [1, 3, 5], [3, 1, 4], [4, 1, 8], [8, 1, 10], [1, 6, 10], [10, 6, 12], [6, 4, 8], [2, 4, 6], [2, 3, 4], [3, 2, 5], [5, 2, 7], [5, 7, 11], [9, 5, 11], [9, 7, 13], [13, 7, 14], [6, 13, 14], [13, 6, 18], [8, 13, 18], [13, 8, 16], [15, 13, 16], [13, 15, 17], [9, 13, 17], [11, 9, 17], [7, 11, 17], [14, 7, 17], [15, 14, 17], [14, 15, 16], [6, 14, 16], [8, 6, 16], [12, 8, 18], [10, 8, 12], [6, 12, 18]],[[.5000000000, 0., 0.], [-.5000000000, 0., 0.], [-.1653243889, -.4718769396, .4162221090], [.1653243889, .4718769396, .4162221090], [.1653243889, -.354054507, -.5201481493], [-.1653243889, .354054507, -.5201481493], [-.1653243889, .560280415, -.286346894], [.2794760070, .8949502289, -.3878572602], [.2794760070, .496552359, -.839526606], [.8165573682, .187428424, -.610392067], [-.474102513, -.15659182, -.765215854], [.446880000, .337408491, -1.200952036], [-.527222514, 1.077087930, -.950052380], [-.8503664717, .367374634, -.324045174], [-1.337673444, .757382547, -.668054178], [-.561031617, 1.233493119, -.2555663714], [-.561031617, .4075616730, -1.191936629], [.90201363e-1, .949044603, -1.282180547]]],
 
[[[1, 2, 6], [2, 1, 7], [7, 1, 9], [1, 5, 9], [1, 3, 5], [3, 1, 4], [4, 1, 8], [8, 1, 10], [1, 6, 10], [10, 6, 12], [6, 4, 8], [2, 4, 6], [2, 3, 4], [3, 2, 5], [5, 2, 7], [5, 7, 11], [9, 5, 11], [9, 7, 13], [13, 7, 14], [6, 13, 14], [13, 6, 18], [8, 13, 18], [13, 8, 16], [15, 13, 16], [13, 15, 17], [9, 13, 17], [11, 9, 17], [7, 11, 17], [14, 7, 17], [15, 14, 17], [14, 15, 16], [6, 14, 16], [8, 6, 16], [12, 8, 18], [10, 8, 12], [6, 12, 18]],[[.5000000000, 0., 0.], [-.5000000000, 0., 0.], [.3984301671, .3020817808, 1.317434554], [-.3984301671, -.3020817808, 1.317434554], [-.3984301671, .845889147, 1.054210018], [.3984301671, -.845889147, 1.054210018], [.3984301671, 1.22068716, .580353434], [.1935622016, .708703554, .6354802465], [.1935622016, -.36103504, .880766470], [.7209892178, -.76829404e-1, 1.606027704], [1.054987887, .12400371, 1.03137572], [-.528110190, .19183440e-1, .574235006], [.26877698e-1, .356921872, 1.556602349], [-.8117490937, .235182466, 1.025674271], [.677936754, .91222944e-1, .397840163], [-.63882179e-1, -.5544636594, .216750476], [-.63882179e-1, .593507271, -.46474060e-1], [1.055537207, -.32921128, .505343627]]],
 
[[[1, 2, 6], [2, 1, 7], [7, 1, 9], [1, 5, 9], [1, 3, 5], [3, 1, 4], [4, 1, 8], [8, 1, 10], [1, 6, 10], [10, 6, 12], [6, 4, 8], [2, 4, 6], [2, 3, 4], [3, 2, 5], [5, 2, 7], [5, 7, 11], [9, 5, 11], [9, 7, 13], [13, 7, 14], [6, 13, 14], [13, 6, 18], [8, 13, 18], [13, 8, 16], [15, 13, 16], [13, 15, 17], [9, 13, 17], [11, 9, 17], [7, 11, 17], [14, 7, 17], [15, 14, 17], [14, 15, 16], [6, 14, 16], [8, 6, 16], [12, 8, 18], [10, 8, 12], [6, 12, 18]],[[.5000000000, 0., 0.], [-.5000000000, 0., 0.], [.3984301671, -.3020817808, 1.317434554], [-.3984301671, .3020817808, 1.317434554], [-.3984301671, -.845889147, 1.054210018], [.3984301671, .845889147, 1.054210018], [.3984301671, -1.22068716, .580353434], [.1935622016, -.708703554, .6354802465], [.1935622016, .36103504, .880766470], [.7209892178, .76829404e-1, 1.606027704], [1.054987887, -.12400371, 1.03137572], [-.528110190, -.19183440e-1, .574235006], [.26877698e-1, -.356921872, 1.556602349], [-.8117490937, -.235182466, 1.025674271], [.677936754, -.91222944e-1, .397840163], [-.63882179e-1, .5544636594, .216750476], [-.63882179e-1, -.593507271, -.46474060e-1], [1.055537207, .32921128, .505343627]]],
 
[[[1, 2, 6], [2, 1, 7], [7, 1, 9], [1, 5, 9], [1, 3, 5], [3, 1, 4], [4, 1, 8], [8, 1, 10], [1, 6, 10], [10, 6, 12], [6, 4, 8], [2, 4, 6], [2, 3, 4], [3, 2, 5], [5, 2, 7], [5, 7, 11], [9, 5, 11], [9, 7, 13], [13, 7, 14], [6, 13, 14], [13, 6, 18], [8, 13, 18], [13, 8, 16], [15, 13, 16], [13, 15, 17], [9, 13, 17], [11, 9, 17], [7, 11, 17], [14, 7, 17], [15, 14, 17], [14, 15, 16], [6, 14, 16], [8, 6, 16], [12, 8, 18], [10, 8, 12], [6, 12, 18]],[[.5000000000, 0., 0.], [-.5000000000, 0., 0.], [-.1653243889, .4718769396, -.4162221090], [.1653243889, -.4718769396, -.4162221090], [.1653243889, .354054507, .5201481493], [-.1653243889, -.354054507, .5201481493], [-.1653243889, -.560280415, .286346894], [.2794760070, -.8949502289, .3878572602], [.2794760070, -.496552359, .839526606], [.8165573682, -.187428424, .610392067], [-.474102513, .15659182, .765215854], [.446880000, -.337408491, 1.200952036], [-.527222514, -1.077087930, .950052380], [-.8503664717, -.367374634, .324045174], [-1.337673444, -.757382547, .668054178], [-.561031617, -1.233493119, .2555663714], [-.561031617, -.4075616730, 1.191936629], [.90201363e-1, -.949044603, 1.282180547]]],
 
[[[1, 2, 6], [2, 1, 7], [7, 1, 9], [1, 5, 9], [1, 3, 5], [3, 1, 4], [4, 1, 8], [8, 1, 10], [1, 6, 10], [10, 6, 12], [6, 4, 8], [2, 4, 6], [2, 3, 4], [3, 2, 5], [5, 2, 7], [5, 7, 11], [9, 5, 11], [9, 7, 13], [13, 7, 14], [6, 13, 14], [13, 6, 18], [8, 13, 18], [13, 8, 16], [15, 13, 16], [13, 15, 17], [9, 13, 17], [11, 9, 17], [7, 11, 17], [14, 7, 17], [15, 14, 17], [14, 15, 16], [6, 14, 16], [8, 6, 16], [12, 8, 18], [10, 8, 12], [6, 12, 18]],[[.5000000000, 0., 0.], [-.5000000000, 0., 0.], [-.1653243889, -.4718769396, -.4162221090], [.1653243889, .4718769396, -.4162221090], [.1653243889, -.354054507, .5201481493], [-.1653243889, .354054507, .5201481493], [-.1653243889, .560280415, .286346894], [.2794760070, .8949502289, .3878572602], [.2794760070, .496552359, .839526606], [.8165573682, .187428424, .610392067], [-.474102513, -.15659182, .765215854], [.446880000, .337408491, 1.200952036], [-.527222514, 1.077087930, .950052380], [-.8503664717, .367374634, .324045174], [-1.337673444, .757382547, .668054178], [-.561031617, 1.233493119, .2555663714], [-.561031617, .4075616730, 1.191936629], [.90201363e-1, .949044603, 1.282180547]]],
 
[[[1, 2, 6], [2, 1, 7], [7, 1, 9], [1, 5, 9], [1, 3, 5], [3, 1, 4], [4, 1, 8], [8, 1, 10], [1, 6, 10], [10, 6, 12], [6, 4, 8], [2, 4, 6], [2, 3, 4], [3, 2, 5], [5, 2, 7], [5, 7, 11], [9, 5, 11], [9, 7, 13], [13, 7, 14], [6, 13, 14], [13, 6, 18], [8, 13, 18], [13, 8, 16], [15, 13, 16], [13, 15, 17], [9, 13, 17], [11, 9, 17], [7, 11, 17], [14, 7, 17], [15, 14, 17], [14, 15, 16], [6, 14, 16], [8, 6, 16], [12, 8, 18], [10, 8, 12], [6, 12, 18]],[[.5000000000, 0., 0.], [-.5000000000, 0., 0.], [.3984301671, .3020817808, -1.317434554], [-.3984301671, -.3020817808, -1.317434554], [-.3984301671, .845889147, -1.054210018], [.3984301671, -.845889147, -1.054210018], [.3984301671, 1.22068716, -.580353434], [.1935622016, .708703554, -.6354802465], [.1935622016, -.36103504, -.880766470], [.7209892178, -.76829404e-1, -1.606027704], [1.054987887, .12400371, -1.03137572], [-.528110190, .19183440e-1, -.574235006], [.26877698e-1, .356921872, -1.556602349], [-.8117490937, .235182466, -1.025674271], [.677936754, .91222944e-1, -.397840163], [-.63882179e-1, -.5544636594, -.216750476], [-.63882179e-1, .593507271, .46474060e-1], [1.055537207, -.32921128, -.505343627]]],
 
[[[1, 2, 6], [2, 1, 7], [7, 1, 9], [1, 5, 9], [1, 3, 5], [3, 1, 4], [4, 1, 8], [8, 1, 10], [1, 6, 10], [10, 6, 12], [6, 4, 8], [2, 4, 6], [2, 3, 4], [3, 2, 5], [5, 2, 7], [5, 7, 11], [9, 5, 11], [9, 7, 13], [13, 7, 14], [6, 13, 14], [13, 6, 18], [8, 13, 18], [13, 8, 16], [15, 13, 16], [13, 15, 17], [9, 13, 17], [11, 9, 17], [7, 11, 17], [14, 7, 17], [15, 14, 17], [14, 15, 16], [6, 14, 16], [8, 6, 16], [12, 8, 18], [10, 8, 12], [6, 12, 18]],[[.5000000000, 0., 0.], [-.5000000000, 0., 0.], [.3984301671, -.3020817808, -1.317434554], [-.3984301671, .3020817808, -1.317434554], [-.3984301671, -.845889147, -1.054210018], [.3984301671, .845889147, -1.054210018], [.3984301671, -1.22068716, -.580353434], [.1935622016, -.708703554, -.6354802465], [.1935622016, .36103504, -.880766470], [.7209892178, .76829404e-1, -1.606027704], [1.054987887, -.12400371, -1.03137572], [-.528110190, -.19183440e-1, -.574235006], [.26877698e-1, -.356921872, -1.556602349], [-.8117490937, -.235182466, -1.025674271], [.677936754, -.91222944e-1, -.397840163], [-.63882179e-1, .5544636594, -.216750476], [-.63882179e-1, -.593507271, .46474060e-1], [1.055537207, .32921128, -.505343627]]],
 
[[[1, 2, 6], [2, 1, 7], [7, 1, 9], [1, 5, 9], [1, 3, 5], [3, 1, 4], [4, 1, 8], [8, 1, 10], [1, 6, 10], [6, 4, 8], [2, 4, 6], [2, 3, 4], [3, 2, 5], [5, 2, 7], [5, 7, 11], [9, 5, 11], [9, 11, 12], [11, 7, 12], [12, 7, 18], [7, 17, 18], [7, 14, 17], [7, 13, 14], [13, 6, 14], [10, 6, 13], [8, 10, 13], [8, 13, 16], [13, 15, 16], [15, 13, 17], [13, 9, 17], [7, 9, 13], [17, 9, 18], [9, 12, 18], [14, 15, 17], [15, 14, 16], [14, 6, 16], [6, 8, 16]],[[.5000000000, 0., 0.], [-.5000000000, 0., 0.], [.3918058123, .310625506, 1.467313766], [-.3918058123, -.310625506, 1.467313766], [-.3918058123, .878581609, 1.215562524], [.3918058123, -.878581609, 1.215562524], [.3918058123, 1.29579694, .75525372], [.2387961252, .7499163106, .607781262], [.2387961252, -.439290803, .859532504], [.779767063, -.10658982, 1.719065008], [1.112038748, .914396e-2, 1.05019865], [-.85786438e-1, .78113575, .4319368e-1], [-.544815500, .128665298, .607781262], [-.67223249e-1, -.5329491e-1, -.251751242], [.824582563, .257330594, 1.215562524], [1.085786438, -.492585717, .607781262], [1.085786438, .69662140, .356030020], [.67223249e-1, .13780929, 1.65797992]]],
 
[[[1, 2, 6], [2, 1, 7], [7, 1, 9], [1, 5, 9], [1, 3, 5], [3, 1, 4], [4, 1, 8], [8, 1, 10], [1, 6, 10], [6, 4, 8], [2, 4, 6], [2, 3, 4], [3, 2, 5], [5, 2, 7], [5, 7, 11], [9, 5, 11], [9, 11, 12], [11, 7, 12], [12, 7, 18], [7, 17, 18], [7, 14, 17], [7, 13, 14], [13, 6, 14], [10, 6, 13], [8, 10, 13], [8, 13, 16], [13, 15, 16], [15, 13, 17], [13, 9, 17], [7, 9, 13], [17, 9, 18], [9, 12, 18], [14, 15, 17], [15, 14, 16], [14, 6, 16], [6, 8, 16]],[[.5000000000, 0., 0.], [-.5000000000, 0., 0.], [.3918058123, -.310625506, 1.467313766], [-.3918058123, .310625506, 1.467313766], [-.3918058123, -.878581609, 1.215562524], [.3918058123, .878581609, 1.215562524], [.3918058123, -1.29579694, .75525372], [.2387961252, -.7499163106, .607781262], [.2387961252, .439290803, .859532504], [.779767063, .10658982, 1.719065008], [1.112038748, -.914396e-2, 1.05019865], [-.85786438e-1, -.78113575, .4319368e-1], [-.544815500, -.128665298, .607781262], [-.67223249e-1, .5329491e-1, -.251751242], [.824582563, -.257330594, 1.215562524], [1.085786438, .492585717, .607781262], [1.085786438, -.69662140, .356030020], [.67223249e-1, -.13780929, 1.65797992]]],
 
[[[1, 2, 6], [2, 1, 7], [7, 1, 9], [1, 5, 9], [1, 3, 5], [3, 1, 4], [4, 1, 8], [8, 1, 10], [1, 6, 10], [6, 4, 8], [2, 4, 6], [2, 3, 4], [3, 2, 5], [5, 2, 7], [5, 7, 11], [9, 5, 11], [9, 11, 12], [11, 7, 12], [12, 7, 18], [7, 17, 18], [7, 14, 17], [7, 13, 14], [13, 6, 14], [10, 6, 13], [8, 10, 13], [8, 13, 16], [13, 15, 16], [15, 13, 17], [13, 9, 17], [7, 9, 13], [17, 9, 18], [9, 12, 18], [14, 15, 17], [15, 14, 16], [14, 6, 16], [6, 8, 16]],[[.5000000000, 0., 0.], [-.5000000000, 0., 0.], [.3918058123, .310625506, -1.467313766], [-.3918058123, -.310625506, -1.467313766], [-.3918058123, .878581609, -1.215562524], [.3918058123, -.878581609, -1.215562524], [.3918058123, 1.29579694, -.75525372], [.2387961252, .7499163106, -.607781262], [.2387961252, -.439290803, -.859532504], [.779767063, -.10658982, -1.719065008], [1.112038748, .914396e-2, -1.05019865], [-.85786438e-1, .78113575, -.4319368e-1], [-.544815500, .128665298, -.607781262], [-.67223249e-1, -.5329491e-1, .251751242], [.824582563, .257330594, -1.215562524], [1.085786438, -.492585717, -.607781262], [1.085786438, .69662140, -.356030020], [.67223249e-1, .13780929, -1.65797992]]],
 
[[[1, 2, 6], [2, 1, 7], [7, 1, 9], [1, 5, 9], [1, 3, 5], [3, 1, 4], [4, 1, 8], [8, 1, 10], [1, 6, 10], [6, 4, 8], [2, 4, 6], [2, 3, 4], [3, 2, 5], [5, 2, 7], [5, 7, 11], [9, 5, 11], [9, 11, 12], [11, 7, 12], [12, 7, 18], [7, 17, 18], [7, 14, 17], [7, 13, 14], [13, 6, 14], [10, 6, 13], [8, 10, 13], [8, 13, 16], [13, 15, 16], [15, 13, 17], [13, 9, 17], [7, 9, 13], [17, 9, 18], [9, 12, 18], [14, 15, 17], [15, 14, 16], [14, 6, 16], [6, 8, 16]],[[.5000000000, 0., 0.], [-.5000000000, 0., 0.], [.3918058123, -.310625506, -1.467313766], [-.3918058123, .310625506, -1.467313766], [-.3918058123, -.878581609, -1.215562524], [.3918058123, .878581609, -1.215562524], [.3918058123, -1.29579694, -.75525372], [.2387961252, -.7499163106, -.607781262], [.2387961252, .439290803, -.859532504], [.779767063, .10658982, -1.719065008], [1.112038748, -.914396e-2, -1.05019865], [-.85786438e-1, -.78113575, -.4319368e-1], [-.544815500, -.128665298, -.607781262], [-.67223249e-1, .5329491e-1, .251751242], [.824582563, -.257330594, -1.215562524], [1.085786438, .492585717, -.607781262], [1.085786438, -.69662140, -.356030020], [.67223249e-1, -.13780929, -1.65797992]]],
 
[[[1, 2, 6], [2, 1, 7], [7, 1, 9], [1, 5, 9], [1, 3, 5], [3, 1, 4], [4, 1, 8], [8, 1, 10], [1, 6, 10], [6, 4, 8], [2, 4, 6], [2, 3, 4], [3, 2, 5], [5, 2, 7], [5, 7, 11], [9, 5, 11], [9, 11, 12], [11, 7, 12], [12, 7, 18], [7, 17, 18], [7, 14, 17], [7, 13, 14], [13, 6, 14], [10, 6, 13], [8, 10, 13], [8, 13, 16], [13, 15, 16], [15, 13, 17], [13, 9, 17], [7, 9, 13], [17, 9, 18], [9, 12, 18], [14, 15, 17], [15, 14, 16], [14, 6, 16], [6, 8, 16]],[[.5000000000, 0., 0.], [-.5000000000, 0., 0.], [-.3047378539, .3964023716, .6865890479], [.3047378539, -.3964023716, .6865890479], [.3047378539, .7928047434, 0.], [-.3047378539, -.7928047434, 0.], [-.3047378539, .3964023716, -.6865890479], [.4428090414, -.9569999819, -.2843944960], [.4428090414, .2322071331, -.9709835439], [-.85786438e-1, 0., -.568788992], [.5000000000, 1.189207115, -.6865890479], [-.85786438e-1, 1.189207115, -1.255378040], [-.52284749e-1, -.6286095047, -1.088783600], [-.728763834, -.260378582, -.450988934], [-1.180543519, -.600438054, -1.039989215], [-.476310729, -1.285390459, -.853183488], [-.476310729, -.96183345e-1, -1.539772536], [-.52284749e-1, .5605976103, -1.775372647]]],
 
[[[1, 2, 6], [2, 1, 7], [7, 1, 9], [1, 5, 9], [1, 3, 5], [3, 1, 4], [4, 1, 8], [8, 1, 10], [1, 6, 10], [6, 4, 8], [2, 4, 6], [2, 3, 4], [3, 2, 5], [5, 2, 7], [5, 7, 11], [9, 5, 11], [9, 11, 12], [11, 7, 12], [12, 7, 18], [7, 17, 18], [7, 14, 17], [7, 13, 14], [13, 6, 14], [10, 6, 13], [8, 10, 13], [8, 13, 16], [13, 15, 16], [15, 13, 17], [13, 9, 17], [7, 9, 13], [17, 9, 18], [9, 12, 18], [14, 15, 17], [15, 14, 16], [14, 6, 16], [6, 8, 16]],[[.5000000000, 0., 0.], [-.5000000000, 0., 0.], [-.3047378539, -.3964023716, .6865890479], [.3047378539, .3964023716, .6865890479], [.3047378539, -.7928047434, 0.], [-.3047378539, .7928047434, 0.], [-.3047378539, -.3964023716, -.6865890479], [.4428090414, .9569999819, -.2843944960], [.4428090414, -.2322071331, -.9709835439], [-.85786438e-1, 0., -.568788992], [.5000000000, -1.189207115, -.6865890479], [-.85786438e-1, -1.189207115, -1.255378040], [-.52284749e-1, .6286095047, -1.088783600], [-.728763834, .260378582, -.450988934], [-1.180543519, .600438054, -1.039989215], [-.476310729, 1.285390459, -.853183488], [-.476310729, .96183345e-1, -1.539772536], [-.52284749e-1, -.5605976103, -1.775372647]]],
 
[[[1, 2, 6], [2, 1, 7], [7, 1, 9], [1, 5, 9], [1, 3, 5], [3, 1, 4], [4, 1, 8], [8, 1, 10], [1, 6, 10], [6, 4, 8], [2, 4, 6], [2, 3, 4], [3, 2, 5], [5, 2, 7], [5, 7, 11], [9, 5, 11], [9, 11, 12], [11, 7, 12], [12, 7, 18], [7, 17, 18], [7, 14, 17], [7, 13, 14], [13, 6, 14], [10, 6, 13], [8, 10, 13], [8, 13, 16], [13, 15, 16], [15, 13, 17], [13, 9, 17], [7, 9, 13], [17, 9, 18], [9, 12, 18], [14, 15, 17], [15, 14, 16], [14, 6, 16], [6, 8, 16]],[[.5000000000, 0., 0.], [-.5000000000, 0., 0.], [-.3047378539, .3964023716, -.6865890479], [.3047378539, -.3964023716, -.6865890479], [.3047378539, .7928047434, 0.], [-.3047378539, -.7928047434, 0.], [-.3047378539, .3964023716, .6865890479], [.4428090414, -.9569999819, .2843944960], [.4428090414, .2322071331, .9709835439], [-.85786438e-1, 0., .568788992], [.5000000000, 1.189207115, .6865890479], [-.85786438e-1, 1.189207115, 1.255378040], [-.52284749e-1, -.6286095047, 1.088783600], [-.728763834, -.260378582, .450988934], [-1.180543519, -.600438054, 1.039989215], [-.476310729, -1.285390459, .853183488], [-.476310729, -.96183345e-1, 1.539772536], [-.52284749e-1, .5605976103, 1.775372647]]],
 
[[[1, 2, 6], [2, 1, 7], [7, 1, 9], [1, 5, 9], [1, 3, 5], [3, 1, 4], [4, 1, 8], [8, 1, 10], [1, 6, 10], [6, 4, 8], [2, 4, 6], [2, 3, 4], [3, 2, 5], [5, 2, 7], [5, 7, 11], [9, 5, 11], [9, 11, 12], [11, 7, 12], [12, 7, 18], [7, 17, 18], [7, 14, 17], [7, 13, 14], [13, 6, 14], [10, 6, 13], [8, 10, 13], [8, 13, 16], [13, 15, 16], [15, 13, 17], [13, 9, 17], [7, 9, 13], [17, 9, 18], [9, 12, 18], [14, 15, 17], [15, 14, 16], [14, 6, 16], [6, 8, 16]],[[.5000000000, 0., 0.], [-.5000000000, 0., 0.], [-.3047378539, -.3964023716, -.6865890479], [.3047378539, .3964023716, -.6865890479], [.3047378539, -.7928047434, 0.], [-.3047378539, .7928047434, 0.], [-.3047378539, -.3964023716, .6865890479], [.4428090414, .9569999819, .2843944960], [.4428090414, -.2322071331, .9709835439], [-.85786438e-1, 0., .568788992], [.5000000000, -1.189207115, .6865890479], [-.85786438e-1, -1.189207115, 1.255378040], [-.52284749e-1, .6286095047, 1.088783600], [-.728763834, .260378582, .450988934], [-1.180543519, .600438054, 1.039989215], [-.476310729, 1.285390459, .853183488], [-.476310729, .96183345e-1, 1.539772536], [-.52284749e-1, -.5605976103, 1.775372647]]],
 
[[[1, 2, 6], [2, 1, 7], [7, 1, 9], [1, 5, 9], [1, 3, 5], [3, 1, 4], [4, 1, 8], [8, 1, 10], [10, 1, 12], [1, 11, 12], [1, 6, 11], [6, 10, 11], [6, 8, 10], [6, 4, 8], [2, 4, 6], [2, 3, 4], [3, 2, 5], [5, 2, 7], [9, 7, 13], [13, 7, 14], [13, 14, 17], [11, 13, 17], [11, 12, 13], [12, 10, 13], [13, 10, 18], [16, 13, 18], [15, 13, 16], [5, 13, 15], [5, 9, 13], [14, 5, 15], [14, 15, 16], [14, 16, 17], [17, 16, 18], [10, 17, 18], [10, 11, 17], [7, 5, 14]],[[.5000000000, 0., 0.], [-.5000000000, 0., 0.], [.3780425865, .327236, .9370392700], [-.3780425865, -.327236, .9370392700], [-.3780425865, .839426432, .5296124557], [.3780425865, -.839426432, .5296124557], [.3780425865, .9866321, -.108091073], [.263549846, .436694, .867980133], [.263549846, .1985843, .951133927], [.8170638697, -.3031194, 1.250469609], [1.370577893, .37748e-1, .490580429], [.134127749, .322314568, .87306981], [.931556611, .906213836, .720857155], [.175471460, 1.418403773, 1.128283962], [.289964195, .142282568, .78991618], [.53514033e-1, .578977136, 1.657896425], [1.053514034, .578977136, 1.657896425], [.175471460, .251741, .720857155]]],
 
[[[1, 2, 6], [2, 1, 7], [7, 1, 9], [1, 5, 9], [1, 3, 5], [3, 1, 4], [4, 1, 8], [8, 1, 10], [10, 1, 12], [1, 11, 12], [1, 6, 11], [6, 10, 11], [6, 8, 10], [6, 4, 8], [2, 4, 6], [2, 3, 4], [3, 2, 5], [5, 2, 7], [9, 7, 13], [13, 7, 14], [13, 14, 17], [11, 13, 17], [11, 12, 13], [12, 10, 13], [13, 10, 18], [16, 13, 18], [15, 13, 16], [5, 13, 15], [5, 9, 13], [14, 5, 15], [14, 15, 16], [14, 16, 17], [17, 16, 18], [10, 17, 18], [10, 11, 17], [7, 5, 14]],[[.5000000000, 0., 0.], [-.5000000000, 0., 0.], [.3780425865, -.327236, .9370392700], [-.3780425865, .327236, .9370392700], [-.3780425865, -.839426432, .5296124557], [.3780425865, .839426432, .5296124557], [.3780425865, -.9866321, -.108091073], [.263549846, -.436694, .867980133], [.263549846, -.1985843, .951133927], [.8170638697, .3031194, 1.250469609], [1.370577893, -.37748e-1, .490580429], [.134127749, -.322314568, .87306981], [.931556611, -.906213836, .720857155], [.175471460, -1.418403773, 1.128283962], [.289964195, -.142282568, .78991618], [.53514033e-1, -.578977136, 1.657896425], [1.053514034, -.578977136, 1.657896425], [.175471460, -.251741, .720857155]]],
 
[[[1, 2, 6], [2, 1, 7], [7, 1, 9], [1, 5, 9], [1, 3, 5], [3, 1, 4], [4, 1, 8], [8, 1, 10], [10, 1, 12], [1, 11, 12], [1, 6, 11], [6, 10, 11], [6, 8, 10], [6, 4, 8], [2, 4, 6], [2, 3, 4], [3, 2, 5], [5, 2, 7], [9, 7, 13], [13, 7, 14], [13, 14, 17], [11, 13, 17], [11, 12, 13], [12, 10, 13], [13, 10, 18], [16, 13, 18], [15, 13, 16], [5, 13, 15], [5, 9, 13], [14, 5, 15], [14, 15, 16], [14, 16, 17], [17, 16, 18], [10, 17, 18], [10, 11, 17], [7, 5, 14]],[[.5000000000, 0., 0.], [-.5000000000, 0., 0.], [.3780425865, .327236, -.9370392700], [-.3780425865, -.327236, -.9370392700], [-.3780425865, .839426432, -.5296124557], [.3780425865, -.839426432, -.5296124557], [.3780425865, .9866321, .108091073], [.263549846, .436694, -.867980133], [.263549846, .1985843, -.951133927], [.8170638697, -.3031194, -1.250469609], [1.370577893, .37748e-1, -.490580429], [.134127749, .322314568, -.87306981], [.931556611, .906213836, -.720857155], [.175471460, 1.418403773, -1.128283962], [.289964195, .142282568, -.78991618], [.53514033e-1, .578977136, -1.657896425], [1.053514034, .578977136, -1.657896425], [.175471460, .251741, -.720857155]]],
 
[[[1, 2, 6], [2, 1, 7], [7, 1, 9], [1, 5, 9], [1, 3, 5], [3, 1, 4], [4, 1, 8], [8, 1, 10], [10, 1, 12], [1, 11, 12], [1, 6, 11], [6, 10, 11], [6, 8, 10], [6, 4, 8], [2, 4, 6], [2, 3, 4], [3, 2, 5], [5, 2, 7], [9, 7, 13], [13, 7, 14], [13, 14, 17], [11, 13, 17], [11, 12, 13], [12, 10, 13], [13, 10, 18], [16, 13, 18], [15, 13, 16], [5, 13, 15], [5, 9, 13], [14, 5, 15], [14, 15, 16], [14, 16, 17], [17, 16, 18], [10, 17, 18], [10, 11, 17], [7, 5, 14]],[[.5000000000, 0., 0.], [-.5000000000, 0., 0.], [.3780425865, -.327236, -.9370392700], [-.3780425865, .327236, -.9370392700], [-.3780425865, -.839426432, -.5296124557], [.3780425865, .839426432, -.5296124557], [.3780425865, -.9866321, .108091073], [.263549846, -.436694, -.867980133], [.263549846, -.1985843, -.951133927], [.8170638697, .3031194, -1.250469609], [1.370577893, -.37748e-1, -.490580429], [.134127749, -.322314568, -.87306981], [.931556611, -.906213836, -.720857155], [.175471460, -1.418403773, -1.128283962], [.289964195, -.142282568, -.78991618], [.53514033e-1, -.578977136, -1.657896425], [1.053514034, -.578977136, -1.657896425], [.175471460, -.251741, -.720857155]]],
 
[[[1, 2, 6], [2, 1, 7], [7, 1, 9], [1, 5, 9], [1, 3, 5], [3, 1, 4], [4, 1, 8], [1, 6, 8], [8, 6, 10], [4, 8, 10], [4, 10, 11], [6, 4, 11], [2, 4, 6], [2, 3, 4], [3, 2, 5], [5, 2, 7], [9, 7, 13], [13, 7, 14], [13, 14, 17], [13, 17, 18], [16, 13, 18], [15, 13, 16], [5, 13, 15], [5, 9, 13], [14, 5, 15], [14, 15, 16], [14, 16, 17], [16, 11, 17], [10, 11, 16], [6, 11, 12], [10, 6, 12], [10, 12, 17], [10, 17, 18], [16, 10, 18], [12, 11, 17], [7, 5, 14]],[[.5000000000, 0., 0.], [-.5000000000, 0., 0.], [.2500000000, .4330127020, .2500000000], [-.2500000000, -.4330127020, .2500000000], [-.2500000000, 0., -.5000000000], [.2500000000, 0., -.5000000000], [.2500000000, -.4330127020, .2500000000], [-.1250000000, -.7577722285, -.1875000000], [-.1250000000, -.5412658775, -.5625000000], [-.2500000000, .2165063510, -.3750000000], [.2500000000, -.2165063510, .3750000000], [.1250000000, .3247595265, .4375000000], [-.2500000000, -.2165063510, .3750000000], [.2500000000, .2165063510, -.3750000000], [-.1250000000, .3247595265, .4375000000], [.5000000000, -.2165063510, -.1250000000], [-.5000000000, -.2165063510, -.1250000000], [.2500000000, -.6495190530, -.3750000000]]],
 
[[[1, 2, 6], [2, 1, 7], [7, 1, 9], [1, 5, 9], [1, 3, 5], [3, 1, 4], [4, 1, 8], [1, 6, 8], [8, 6, 10], [4, 8, 10], [4, 10, 11], [6, 4, 11], [2, 4, 6], [2, 3, 4], [3, 2, 5], [5, 2, 7], [9, 7, 13], [13, 7, 14], [13, 14, 17], [13, 17, 18], [16, 13, 18], [15, 13, 16], [5, 13, 15], [5, 9, 13], [14, 5, 15], [14, 15, 16], [14, 16, 17], [16, 11, 17], [10, 11, 16], [6, 11, 12], [10, 6, 12], [10, 12, 17], [10, 17, 18], [16, 10, 18], [12, 11, 17], [7, 5, 14]],[[.5000000000, 0., 0.], [-.5000000000, 0., 0.], [.2500000000, -.4330127020, .2500000000], [-.2500000000, .4330127020, .2500000000], [-.2500000000, 0., -.5000000000], [.2500000000, 0., -.5000000000], [.2500000000, .4330127020, .2500000000], [-.1250000000, .7577722285, -.1875000000], [-.1250000000, .5412658775, -.5625000000], [-.2500000000, -.2165063510, -.3750000000], [.2500000000, .2165063510, .3750000000], [.1250000000, -.3247595265, .4375000000], [-.2500000000, .2165063510, .3750000000], [.2500000000, -.2165063510, -.3750000000], [-.1250000000, -.3247595265, .4375000000], [.5000000000, .2165063510, -.1250000000], [-.5000000000, .2165063510, -.1250000000], [.2500000000, .6495190530, -.3750000000]]],
 
[[[1, 2, 6], [2, 1, 7], [7, 1, 9], [1, 5, 9], [1, 3, 5], [3, 1, 4], [4, 1, 8], [1, 6, 8], [8, 6, 10], [4, 8, 10], [4, 10, 11], [6, 4, 11], [2, 4, 6], [2, 3, 4], [3, 2, 5], [5, 2, 7], [9, 7, 13], [13, 7, 14], [13, 14, 17], [13, 17, 18], [16, 13, 18], [15, 13, 16], [5, 13, 15], [5, 9, 13], [14, 5, 15], [14, 15, 16], [14, 16, 17], [16, 11, 17], [10, 11, 16], [6, 11, 12], [10, 6, 12], [10, 12, 17], [10, 17, 18], [16, 10, 18], [12, 11, 17], [7, 5, 14]],[[.5000000000, 0., 0.], [-.5000000000, 0., 0.], [-.2500000000, .4330127020, .2500000000], [.2500000000, -.4330127020, .2500000000], [.2500000000, 0., -.5000000000], [-.2500000000, 0., -.5000000000], [-.2500000000, -.4330127020, .2500000000], [-.1250000000, -.5412658775, -.5625000000], [-.1250000000, -.7577722285, -.1875000000], [-.2500000000, -.2165063510, .3750000000], [.2500000000, .2165063510, -.3750000000], [-.1250000000, .3247595265, .4375000000], [-.2500000000, .2165063510, -.3750000000], [.2500000000, -.2165063510, .3750000000], [.1250000000, .3247595265, .4375000000], [-.5000000000, -.2165063510, -.1250000000], [.5000000000, -.2165063510, -.1250000000], [.2500000000, -.6495190530, -.3750000000]]],
 
[[[1, 2, 6], [2, 1, 7], [7, 1, 9], [1, 5, 9], [1, 3, 5], [3, 1, 4], [4, 1, 8], [1, 6, 8], [8, 6, 10], [4, 8, 10], [4, 10, 11], [6, 4, 11], [2, 4, 6], [2, 3, 4], [3, 2, 5], [5, 2, 7], [9, 7, 13], [13, 7, 14], [13, 14, 17], [13, 17, 18], [16, 13, 18], [15, 13, 16], [5, 13, 15], [5, 9, 13], [14, 5, 15], [14, 15, 16], [14, 16, 17], [16, 11, 17], [10, 11, 16], [6, 11, 12], [10, 6, 12], [10, 12, 17], [10, 17, 18], [16, 10, 18], [12, 11, 17], [7, 5, 14]],[[.5000000000, 0., 0.], [-.5000000000, 0., 0.], [-.2500000000, -.4330127020, .2500000000], [.2500000000, .4330127020, .2500000000], [.2500000000, 0., -.5000000000], [-.2500000000, 0., -.5000000000], [-.2500000000, .4330127020, .2500000000], [-.1250000000, .5412658775, -.5625000000], [-.1250000000, .7577722285, -.1875000000], [-.2500000000, .2165063510, .3750000000], [.2500000000, -.2165063510, -.3750000000], [-.1250000000, -.3247595265, .4375000000], [-.2500000000, -.2165063510, -.3750000000], [.2500000000, .2165063510, .3750000000], [.1250000000, -.3247595265, .4375000000], [-.5000000000, .2165063510, -.1250000000], [.5000000000, .2165063510, -.1250000000], [.2500000000, .6495190530, -.3750000000]]],
 
[[[1, 2, 6], [2, 1, 7], [7, 1, 9], [1, 5, 9], [1, 3, 5], [3, 1, 4], [4, 1, 8], [1, 6, 8], [8, 6, 10], [4, 8, 10], [4, 10, 11], [6, 4, 11], [2, 4, 6], [2, 3, 4], [3, 2, 5], [5, 2, 7], [9, 7, 13], [13, 7, 14], [13, 14, 17], [13, 17, 18], [16, 13, 18], [15, 13, 16], [5, 13, 15], [5, 9, 13], [14, 5, 15], [14, 15, 16], [14, 16, 17], [16, 11, 17], [10, 11, 16], [6, 11, 12], [10, 6, 12], [10, 12, 17], [10, 17, 18], [16, 10, 18], [12, 11, 17], [7, 5, 14]],[[.5000000000, 0., 0.], [-.5000000000, 0., 0.], [.2500000000, .4330127020, -.2500000000], [-.2500000000, -.4330127020, -.2500000000], [-.2500000000, 0., .5000000000], [.2500000000, 0., .5000000000], [.2500000000, -.4330127020, -.2500000000], [-.1250000000, -.7577722285, .1875000000], [-.1250000000, -.5412658775, .5625000000], [-.2500000000, .2165063510, .3750000000], [.2500000000, -.2165063510, -.3750000000], [.1250000000, .3247595265, -.4375000000], [-.2500000000, -.2165063510, -.3750000000], [.2500000000, .2165063510, .3750000000], [-.1250000000, .3247595265, -.4375000000], [.5000000000, -.2165063510, .1250000000], [-.5000000000, -.2165063510, .1250000000], [.2500000000, -.6495190530, .3750000000]]],
 
[[[1, 2, 6], [2, 1, 7], [7, 1, 9], [1, 5, 9], [1, 3, 5], [3, 1, 4], [4, 1, 8], [1, 6, 8], [8, 6, 10], [4, 8, 10], [4, 10, 11], [6, 4, 11], [2, 4, 6], [2, 3, 4], [3, 2, 5], [5, 2, 7], [9, 7, 13], [13, 7, 14], [13, 14, 17], [13, 17, 18], [16, 13, 18], [15, 13, 16], [5, 13, 15], [5, 9, 13], [14, 5, 15], [14, 15, 16], [14, 16, 17], [16, 11, 17], [10, 11, 16], [6, 11, 12], [10, 6, 12], [10, 12, 17], [10, 17, 18], [16, 10, 18], [12, 11, 17], [7, 5, 14]],[[.5000000000, 0., 0.], [-.5000000000, 0., 0.], [.2500000000, -.4330127020, -.2500000000], [-.2500000000, .4330127020, -.2500000000], [-.2500000000, 0., .5000000000], [.2500000000, 0., .5000000000], [.2500000000, .4330127020, -.2500000000], [-.1250000000, .7577722285, .1875000000], [-.1250000000, .5412658775, .5625000000], [-.2500000000, -.2165063510, .3750000000], [.2500000000, .2165063510, -.3750000000], [.1250000000, -.3247595265, -.4375000000], [-.2500000000, .2165063510, -.3750000000], [.2500000000, -.2165063510, .3750000000], [-.1250000000, -.3247595265, -.4375000000], [.5000000000, .2165063510, .1250000000], [-.5000000000, .2165063510, .1250000000], [.2500000000, .6495190530, .3750000000]]],
 
[[[1, 2, 6], [2, 1, 7], [7, 1, 9], [1, 5, 9], [1, 3, 5], [3, 1, 4], [4, 1, 8], [1, 6, 8], [8, 6, 10], [4, 8, 10], [4, 10, 11], [6, 4, 11], [2, 4, 6], [2, 3, 4], [3, 2, 5], [5, 2, 7], [9, 7, 13], [13, 7, 14], [13, 14, 17], [13, 17, 18], [16, 13, 18], [15, 13, 16], [5, 13, 15], [5, 9, 13], [14, 5, 15], [14, 15, 16], [14, 16, 17], [16, 11, 17], [10, 11, 16], [6, 11, 12], [10, 6, 12], [10, 12, 17], [10, 17, 18], [16, 10, 18], [12, 11, 17], [7, 5, 14]],[[.5000000000, 0., 0.], [-.5000000000, 0., 0.], [-.2500000000, .4330127020, -.2500000000], [.2500000000, -.4330127020, -.2500000000], [.2500000000, 0., .5000000000], [-.2500000000, 0., .5000000000], [-.2500000000, -.4330127020, -.2500000000], [-.1250000000, -.5412658775, .5625000000], [-.1250000000, -.7577722285, .1875000000], [-.2500000000, -.2165063510, -.3750000000], [.2500000000, .2165063510, .3750000000], [-.1250000000, .3247595265, -.4375000000], [-.2500000000, .2165063510, .3750000000], [.2500000000, -.2165063510, -.3750000000], [.1250000000, .3247595265, -.4375000000], [-.5000000000, -.2165063510, .1250000000], [.5000000000, -.2165063510, .1250000000], [.2500000000, -.6495190530, .3750000000]]],
 
[[[1, 2, 6], [2, 1, 7], [7, 1, 9], [1, 5, 9], [1, 3, 5], [3, 1, 4], [4, 1, 8], [1, 6, 8], [8, 6, 10], [4, 8, 10], [4, 10, 11], [6, 4, 11], [2, 4, 6], [2, 3, 4], [3, 2, 5], [5, 2, 7], [9, 7, 13], [13, 7, 14], [13, 14, 17], [13, 17, 18], [16, 13, 18], [15, 13, 16], [5, 13, 15], [5, 9, 13], [14, 5, 15], [14, 15, 16], [14, 16, 17], [16, 11, 17], [10, 11, 16], [6, 11, 12], [10, 6, 12], [10, 12, 17], [10, 17, 18], [16, 10, 18], [12, 11, 17], [7, 5, 14]],[[.5000000000, 0., 0.], [-.5000000000, 0., 0.], [-.2500000000, -.4330127020, -.2500000000], [.2500000000, .4330127020, -.2500000000], [.2500000000, 0., .5000000000], [-.2500000000, 0., .5000000000], [-.2500000000, .4330127020, -.2500000000], [-.1250000000, .5412658775, .5625000000], [-.1250000000, .7577722285, .1875000000], [-.2500000000, .2165063510, -.3750000000], [.2500000000, -.2165063510, .3750000000], [-.1250000000, -.3247595265, -.4375000000], [-.2500000000, -.2165063510, .3750000000], [.2500000000, .2165063510, -.3750000000], [.1250000000, -.3247595265, -.4375000000], [-.5000000000, .2165063510, .1250000000], [.5000000000, .2165063510, .1250000000], [.2500000000, .6495190530, .3750000000]]],
 
[[[1, 2, 6], [2, 1, 7], [7, 1, 9], [1, 5, 9], [1, 3, 5], [3, 1, 4], [4, 1, 8], [1, 6, 8], [8, 6, 10], [6, 4, 10], [2, 4, 6], [2, 3, 4], [3, 2, 5], [5, 2, 7], [9, 7, 13], [13, 7, 14], [13, 14, 17], [13, 17, 18], [16, 13, 18], [15, 13, 16], [5, 13, 15], [5, 9, 13], [14, 5, 15], [14, 15, 16], [14, 16, 17], [16, 10, 17], [17, 10, 18], [10, 11, 18], [10, 8, 11], [8, 4, 11], [11, 4, 12], [4, 10, 12], [10, 12, 16], [12, 11, 16], [16, 11, 18], [7, 5, 14]],[[.5000000000, 0., 0.], [-.5000000000, 0., 0.], [.3722604190, .3337996115, .3868542749], [-.3722604190, -.3337996115, .3868542749], [-.3722604190, .431567254, -.2735472810], [.3722604190, -.431567254, -.2735472810], [.3722604190, -.207396488, -.4669744184], [.109583237e-1, -.5698315796, .6604015559], [.109583237e-1, .7367313854, -.4669744184], [.1386979047, -.9036311910, -.2735472810], [-.2445208381, -1.208795322, -.801201436e-1], [-.6058229336, -.264667448, -.801201436e-1], [.1386979047, -.138264326, -.9339488370], [-.6058229336, -.40496682e-1, -.2735472810], [-.2445208381, .977676427e-1, -1.207496118], [-.7335625142, -.4720639371, -.5470945621], [.2664374854, -.4720639371, -.5470945621], [-.6058229336, -.8058635479, -.9339488370]]],
 
[[[1, 2, 6], [2, 1, 7], [7, 1, 9], [1, 5, 9], [1, 3, 5], [3, 1, 4], [4, 1, 8], [1, 6, 8], [8, 6, 10], [6, 4, 10], [2, 4, 6], [2, 3, 4], [3, 2, 5], [5, 2, 7], [9, 7, 13], [13, 7, 14], [13, 14, 17], [13, 17, 18], [16, 13, 18], [15, 13, 16], [5, 13, 15], [5, 9, 13], [14, 5, 15], [14, 15, 16], [14, 16, 17], [16, 10, 17], [17, 10, 18], [10, 11, 18], [10, 8, 11], [8, 4, 11], [11, 4, 12], [4, 10, 12], [10, 12, 16], [12, 11, 16], [16, 11, 18], [7, 5, 14]],[[.5000000000, 0., 0.], [-.5000000000, 0., 0.], [.3722604190, -.3337996115, .3868542749], [-.3722604190, .3337996115, .3868542749], [-.3722604190, -.431567254, -.2735472810], [.3722604190, .431567254, -.2735472810], [.3722604190, .207396488, -.4669744184], [.109583237e-1, .5698315796, .6604015559], [.109583237e-1, -.7367313854, -.4669744184], [.1386979047, .9036311910, -.2735472810], [-.2445208381, 1.208795322, -.801201436e-1], [-.6058229336, .264667448, -.801201436e-1], [.1386979047, .138264326, -.9339488370], [-.6058229336, .40496682e-1, -.2735472810], [-.2445208381, -.977676427e-1, -1.207496118], [-.7335625142, .4720639371, -.5470945621], [.2664374854, .4720639371, -.5470945621], [-.6058229336, .8058635479, -.9339488370]]],
 
[[[1, 2, 6], [2, 1, 7], [7, 1, 9], [1, 5, 9], [1, 3, 5], [3, 1, 4], [4, 1, 8], [1, 6, 8], [8, 6, 10], [6, 4, 10], [2, 4, 6], [2, 3, 4], [3, 2, 5], [5, 2, 7], [9, 7, 13], [13, 7, 14], [13, 14, 17], [13, 17, 18], [16, 13, 18], [15, 13, 16], [5, 13, 15], [5, 9, 13], [14, 5, 15], [14, 15, 16], [14, 16, 17], [16, 10, 17], [17, 10, 18], [10, 11, 18], [10, 8, 11], [8, 4, 11], [11, 4, 12], [4, 10, 12], [10, 12, 16], [12, 11, 16], [16, 11, 18], [7, 5, 14]],[[.5000000000, 0., 0.], [-.5000000000, 0., 0.], [.395042868e-1, .4984369685, 1.773262930], [-.395042868e-1, -.4984369685, 1.773262930], [-.395042868e-1, 1.349322098, 1.253886242], [.395042868e-1, -1.349322098, 1.253886242], [.395042868e-1, 1.804999934, .3672547770], [1.341982853, -.1459888081, .519376688], [1.341982853, .3952072924, .3672547770], [1.802478566, -.6444257767, 1.253886242], [.4209914263, .3096890285, 2.140517707], [1.723469992, -1.100103613, 2.140517707], [1.802478566, 1.203333289, .734509555], [1.723469992, 2.054218419, 1.253886242], [.4209914263, .8508851290, 1.988395798], [1.262974279, .7048963208, 2.507772485], [2.262974279, .7048963208, 2.507772485], [1.723469992, .2064593522, .734509555]]],
 
[[[1, 2, 6], [2, 1, 7], [7, 1, 9], [1, 5, 9], [1, 3, 5], [3, 1, 4], [4, 1, 8], [1, 6, 8], [8, 6, 10], [6, 4, 10], [2, 4, 6], [2, 3, 4], [3, 2, 5], [5, 2, 7], [9, 7, 13], [13, 7, 14], [13, 14, 17], [13, 17, 18], [16, 13, 18], [15, 13, 16], [5, 13, 15], [5, 9, 13], [14, 5, 15], [14, 15, 16], [14, 16, 17], [16, 10, 17], [17, 10, 18], [10, 11, 18], [10, 8, 11], [8, 4, 11], [11, 4, 12], [4, 10, 12], [10, 12, 16], [12, 11, 16], [16, 11, 18], [7, 5, 14]],[[.5000000000, 0., 0.], [-.5000000000, 0., 0.], [.395042868e-1, -.4984369685, 1.773262930], [-.395042868e-1, .4984369685, 1.773262930], [-.395042868e-1, -1.349322098, 1.253886242], [.395042868e-1, 1.349322098, 1.253886242], [.395042868e-1, -1.804999934, .3672547770], [1.341982853, .1459888081, .519376688], [1.341982853, -.3952072924, .3672547770], [1.802478566, .6444257767, 1.253886242], [.4209914263, -.3096890285, 2.140517707], [1.723469992, 1.100103613, 2.140517707], [1.802478566, -1.203333289, .734509555], [1.723469992, -2.054218419, 1.253886242], [.4209914263, -.8508851290, 1.988395798], [1.262974279, -.7048963208, 2.507772485], [2.262974279, -.7048963208, 2.507772485], [1.723469992, -.2064593522, .734509555]]],
 
[[[1, 2, 6], [2, 1, 7], [7, 1, 9], [1, 5, 9], [1, 3, 5], [3, 1, 4], [4, 1, 8], [1, 6, 8], [8, 6, 10], [6, 4, 10], [2, 4, 6], [2, 3, 4], [3, 2, 5], [5, 2, 7], [9, 7, 13], [13, 7, 14], [13, 14, 17], [13, 17, 18], [16, 13, 18], [15, 13, 16], [5, 13, 15], [5, 9, 13], [14, 5, 15], [14, 15, 16], [14, 16, 17], [16, 10, 17], [17, 10, 18], [10, 11, 18], [10, 8, 11], [8, 4, 11], [11, 4, 12], [4, 10, 12], [10, 12, 16], [12, 11, 16], [16, 11, 18], [7, 5, 14]],[[.5000000000, 0., 0.], [-.5000000000, 0., 0.], [.3722604190, .3337996115, -.3868542749], [-.3722604190, -.3337996115, -.3868542749], [-.3722604190, .431567254, .2735472810], [.3722604190, -.431567254, .2735472810], [.3722604190, -.207396488, .4669744184], [.109583237e-1, -.5698315796, -.6604015559], [.109583237e-1, .7367313854, .4669744184], [.1386979047, -.9036311910, .2735472810], [-.2445208381, -1.208795322, .801201436e-1], [-.6058229336, -.264667448, .801201436e-1], [.1386979047, -.138264326, .9339488370], [-.6058229336, -.40496682e-1, .2735472810], [-.2445208381, .977676427e-1, 1.207496118], [-.7335625142, -.4720639371, .5470945621], [.2664374854, -.4720639371, .5470945621], [-.6058229336, -.8058635479, .9339488370]]],
 
[[[1, 2, 6], [2, 1, 7], [7, 1, 9], [1, 5, 9], [1, 3, 5], [3, 1, 4], [4, 1, 8], [1, 6, 8], [8, 6, 10], [6, 4, 10], [2, 4, 6], [2, 3, 4], [3, 2, 5], [5, 2, 7], [9, 7, 13], [13, 7, 14], [13, 14, 17], [13, 17, 18], [16, 13, 18], [15, 13, 16], [5, 13, 15], [5, 9, 13], [14, 5, 15], [14, 15, 16], [14, 16, 17], [16, 10, 17], [17, 10, 18], [10, 11, 18], [10, 8, 11], [8, 4, 11], [11, 4, 12], [4, 10, 12], [10, 12, 16], [12, 11, 16], [16, 11, 18], [7, 5, 14]],[[.5000000000, 0., 0.], [-.5000000000, 0., 0.], [.3722604190, -.3337996115, -.3868542749], [-.3722604190, .3337996115, -.3868542749], [-.3722604190, -.431567254, .2735472810], [.3722604190, .431567254, .2735472810], [.3722604190, .207396488, .4669744184], [.109583237e-1, .5698315796, -.6604015559], [.109583237e-1, -.7367313854, .4669744184], [.1386979047, .9036311910, .2735472810], [-.2445208381, 1.208795322, .801201436e-1], [-.6058229336, .264667448, .801201436e-1], [.1386979047, .138264326, .9339488370], [-.6058229336, .40496682e-1, .2735472810], [-.2445208381, -.977676427e-1, 1.207496118], [-.7335625142, .4720639371, .5470945621], [.2664374854, .4720639371, .5470945621], [-.6058229336, .8058635479, .9339488370]]],
 
[[[1, 2, 6], [2, 1, 7], [7, 1, 9], [1, 5, 9], [1, 3, 5], [3, 1, 4], [4, 1, 8], [1, 6, 8], [8, 6, 10], [6, 4, 10], [2, 4, 6], [2, 3, 4], [3, 2, 5], [5, 2, 7], [9, 7, 13], [13, 7, 14], [13, 14, 17], [13, 17, 18], [16, 13, 18], [15, 13, 16], [5, 13, 15], [5, 9, 13], [14, 5, 15], [14, 15, 16], [14, 16, 17], [16, 10, 17], [17, 10, 18], [10, 11, 18], [10, 8, 11], [8, 4, 11], [11, 4, 12], [4, 10, 12], [10, 12, 16], [12, 11, 16], [16, 11, 18], [7, 5, 14]],[[.5000000000, 0., 0.], [-.5000000000, 0., 0.], [.395042868e-1, .4984369685, -1.773262930], [-.395042868e-1, -.4984369685, -1.773262930], [-.395042868e-1, 1.349322098, -1.253886242], [.395042868e-1, -1.349322098, -1.253886242], [.395042868e-1, 1.804999934, -.3672547770], [1.341982853, -.1459888081, -.519376688], [1.341982853, .3952072924, -.3672547770], [1.802478566, -.6444257767, -1.253886242], [.4209914263, .3096890285, -2.140517707], [1.723469992, -1.100103613, -2.140517707], [1.802478566, 1.203333289, -.734509555], [1.723469992, 2.054218419, -1.253886242], [.4209914263, .8508851290, -1.988395798], [1.262974279, .7048963208, -2.507772485], [2.262974279, .7048963208, -2.507772485], [1.723469992, .2064593522, -.734509555]]],
 
[[[1, 2, 6], [2, 1, 7], [7, 1, 9], [1, 5, 9], [1, 3, 5], [3, 1, 4], [4, 1, 8], [1, 6, 8], [8, 6, 10], [6, 4, 10], [2, 4, 6], [2, 3, 4], [3, 2, 5], [5, 2, 7], [9, 7, 13], [13, 7, 14], [13, 14, 17], [13, 17, 18], [16, 13, 18], [15, 13, 16], [5, 13, 15], [5, 9, 13], [14, 5, 15], [14, 15, 16], [14, 16, 17], [16, 10, 17], [17, 10, 18], [10, 11, 18], [10, 8, 11], [8, 4, 11], [11, 4, 12], [4, 10, 12], [10, 12, 16], [12, 11, 16], [16, 11, 18], [7, 5, 14]],[[.5000000000, 0., 0.], [-.5000000000, 0., 0.], [.395042868e-1, -.4984369685, -1.773262930], [-.395042868e-1, .4984369685, -1.773262930], [-.395042868e-1, -1.349322098, -1.253886242], [.395042868e-1, 1.349322098, -1.253886242], [.395042868e-1, -1.804999934, -.3672547770], [1.341982853, .1459888081, -.519376688], [1.341982853, -.3952072924, -.3672547770], [1.802478566, .6444257767, -1.253886242], [.4209914263, -.3096890285, -2.140517707], [1.723469992, 1.100103613, -2.140517707], [1.802478566, -1.203333289, -.734509555], [1.723469992, -2.054218419, -1.253886242], [.4209914263, -.8508851290, -1.988395798], [1.262974279, -.7048963208, -2.507772485], [2.262974279, -.7048963208, -2.507772485], [1.723469992, -.2064593522, -.734509555]]],
 
[[[1, 2, 6], [2, 1, 7], [1, 5, 7], [1, 3, 5], [3, 1, 4], [4, 1, 10], [1, 6, 8], [6, 4, 8], [2, 4, 6], [2, 3, 4], [3, 2, 5], [5, 2, 9], [2, 7, 9], [9, 7, 11], [7, 5, 11], [11, 5, 12], [5, 9, 12], [11, 9, 18], [9, 13, 18], [13, 1, 18], [1, 13, 17], [8, 1, 17], [15, 8, 17], [13, 15, 17], [13, 14, 15], [14, 1, 15], [1, 14, 16], [1, 16, 18], [16, 11, 18], [12, 11, 16], [9, 12, 16], [13, 9, 16], [14, 13, 16], [1, 10, 15], [10, 8, 15], [4, 8, 10]],[[.5000000000, 0., 0.], [-.5000000000, 0., 0.], [.2531241213, .4311938997, .3856775706], [-.2531241213, -.4311938997, .3856775706], [-.2531241213, .3353863337, -.4713718000], [.2531241213, -.3353863337, -.4713718000], [.2531241213, -.505713848, -.2809428217], [.1610894407, -.8948579947, .2904630814], [-.1610894407, -.567750507, -.7501993029], [.6901633707, -.1603872713, .5776996470], [.3079778126, .31539943, -.754899948], [-.2447582819, -.246615279, -1.284516396], [.8221788812, -.705607826, -.6311246804], [1.127202620, -.352759829e-1, -.315522917e-1], [.6817975324, -.9301339776, -.605949707e-1], [.6817975324, -.163553743, -.9176443419], [.453925949e-1, -.2245261515, -.3722138909], [.453925949e-1, -.394853667, -.1817849118]]],
 
[[[1, 2, 6], [2, 1, 7], [1, 5, 7], [1, 3, 5], [3, 1, 4], [4, 1, 10], [1, 6, 8], [6, 4, 8], [2, 4, 6], [2, 3, 4], [3, 2, 5], [5, 2, 9], [2, 7, 9], [9, 7, 11], [7, 5, 11], [11, 5, 12], [5, 9, 12], [11, 9, 18], [9, 13, 18], [13, 1, 18], [1, 13, 17], [8, 1, 17], [15, 8, 17], [13, 15, 17], [13, 14, 15], [14, 1, 15], [1, 14, 16], [1, 16, 18], [16, 11, 18], [12, 11, 16], [9, 12, 16], [13, 9, 16], [14, 13, 16], [1, 10, 15], [10, 8, 15], [4, 8, 10]],[[.5000000000, 0., 0.], [-.5000000000, 0., 0.], [.2531241213, -.4311938997, .3856775706], [-.2531241213, .4311938997, .3856775706], [-.2531241213, -.3353863337, -.4713718000], [.2531241213, .3353863337, -.4713718000], [.2531241213, .505713848, -.2809428217], [.1610894407, .8948579947, .2904630814], [-.1610894407, .567750507, -.7501993029], [.6901633707, .1603872713, .5776996470], [.3079778126, -.31539943, -.754899948], [-.2447582819, .246615279, -1.284516396], [.8221788812, .705607826, -.6311246804], [1.127202620, .352759829e-1, -.315522917e-1], [.6817975324, .9301339776, -.605949707e-1], [.6817975324, .163553743, -.9176443419], [.453925949e-1, .2245261515, -.3722138909], [.453925949e-1, .394853667, -.1817849118]]],
 
[[[1, 2, 6], [2, 1, 7], [1, 5, 7], [1, 3, 5], [3, 1, 4], [4, 1, 10], [1, 6, 8], [6, 4, 8], [2, 4, 6], [2, 3, 4], [3, 2, 5], [5, 2, 9], [2, 7, 9], [9, 7, 11], [7, 5, 11], [11, 5, 12], [5, 9, 12], [11, 9, 18], [9, 13, 18], [13, 1, 18], [1, 13, 17], [8, 1, 17], [15, 8, 17], [13, 15, 17], [13, 14, 15], [14, 1, 15], [1, 14, 16], [1, 16, 18], [16, 11, 18], [12, 11, 16], [9, 12, 16], [13, 9, 16], [14, 13, 16], [1, 10, 15], [10, 8, 15], [4, 8, 10]],[[.5000000000, 0., 0.], [-.5000000000, 0., 0.], [.2531241213, .4311938997, -.3856775706], [-.2531241213, -.4311938997, -.3856775706], [-.2531241213, .3353863337, .4713718000], [.2531241213, -.3353863337, .4713718000], [.2531241213, -.505713848, .2809428217], [.1610894407, -.8948579947, -.2904630814], [-.1610894407, -.567750507, .7501993029], [.6901633707, -.1603872713, -.5776996470], [.3079778126, .31539943, .754899948], [-.2447582819, -.246615279, 1.284516396], [.8221788812, -.705607826, .6311246804], [1.127202620, -.352759829e-1, .315522917e-1], [.6817975324, -.9301339776, .605949707e-1], [.6817975324, -.163553743, .9176443419], [.453925949e-1, -.2245261515, .3722138909], [.453925949e-1, -.394853667, .1817849118]]],
 
[[[1, 2, 6], [2, 1, 7], [1, 5, 7], [1, 3, 5], [3, 1, 4], [4, 1, 10], [1, 6, 8], [6, 4, 8], [2, 4, 6], [2, 3, 4], [3, 2, 5], [5, 2, 9], [2, 7, 9], [9, 7, 11], [7, 5, 11], [11, 5, 12], [5, 9, 12], [11, 9, 18], [9, 13, 18], [13, 1, 18], [1, 13, 17], [8, 1, 17], [15, 8, 17], [13, 15, 17], [13, 14, 15], [14, 1, 15], [1, 14, 16], [1, 16, 18], [16, 11, 18], [12, 11, 16], [9, 12, 16], [13, 9, 16], [14, 13, 16], [1, 10, 15], [10, 8, 15], [4, 8, 10]],[[.5000000000, 0., 0.], [-.5000000000, 0., 0.], [.2531241213, -.4311938997, -.3856775706], [-.2531241213, .4311938997, -.3856775706], [-.2531241213, -.3353863337, .4713718000], [.2531241213, .3353863337, .4713718000], [.2531241213, .505713848, .2809428217], [.1610894407, .8948579947, -.2904630814], [-.1610894407, .567750507, .7501993029], [.6901633707, .1603872713, -.5776996470], [.3079778126, -.31539943, .754899948], [-.2447582819, .246615279, 1.284516396], [.8221788812, .705607826, .6311246804], [1.127202620, .352759829e-1, .315522917e-1], [.6817975324, .9301339776, .605949707e-1], [.6817975324, .163553743, .9176443419], [.453925949e-1, .2245261515, .3722138909], [.453925949e-1, .394853667, .1817849118]]],
 
[[[1, 2, 6], [2, 1, 7], [1, 5, 7], [1, 3, 5], [3, 1, 4], [4, 1, 10], [1, 8, 10], [1, 6, 8], [6, 4, 8], [2, 4, 6], [2, 3, 4], [3, 2, 5], [5, 2, 9], [2, 7, 9], [9, 7, 12], [7, 5, 11], [5, 9, 11], [11, 9, 12], [11, 12, 18], [12, 7, 18], [7, 14, 18], [7, 13, 14], [14, 13, 17], [13, 8, 17], [10, 8, 13], [4, 10, 13], [4, 13, 15], [15, 13, 16], [13, 7, 16], [7, 11, 16], [16, 11, 18], [14, 16, 18], [14, 15, 16], [14, 4, 15], [4, 14, 17], [8, 4, 17]],[[.5000000000, 0., 0.], [-.5000000000, 0., 0.], [.2236067977, .4472135954, 1.376381920], [-.2236067977, -.4472135954, 1.376381920], [-.2236067977, 1.170820393, .8506508078], [.2236067977, -1.170820393, .8506508078], [.2236067977, 1.447213595, 0.], [.9472135954, .2763932023, .8506508078], [-.9472135954, .7236067977, -.525731113], [-.6708203931, .2763932023, .8506508078], [-1.394427191, 1.447213595, 0.], [-.2236067977, 2.170820393, -.525731113], [.5000000000, 1., 1.376381920], [-.5000000000, 1., 1.376381920], [.2236067977, -.1708203931, .525731113], [-.2236067977, .5527864046, 0.], [.2236067977, -.1708203931, 2.227032728], [-.9472135954, 1.723606798, .8506508078]]],
 
[[[1, 2, 6], [2, 1, 7], [1, 5, 7], [1, 3, 5], [3, 1, 4], [4, 1, 10], [1, 8, 10], [1, 6, 8], [6, 4, 8], [2, 4, 6], [2, 3, 4], [3, 2, 5], [5, 2, 9], [2, 7, 9], [9, 7, 12], [7, 5, 11], [5, 9, 11], [11, 9, 12], [11, 12, 18], [12, 7, 18], [7, 14, 18], [7, 13, 14], [14, 13, 17], [13, 8, 17], [10, 8, 13], [4, 10, 13], [4, 13, 15], [15, 13, 16], [13, 7, 16], [7, 11, 16], [16, 11, 18], [14, 16, 18], [14, 15, 16], [14, 4, 15], [4, 14, 17], [8, 4, 17]],[[.5000000000, 0., 0.], [-.5000000000, 0., 0.], [.2236067977, .4472135954, -1.376381920], [-.2236067977, -.4472135954, -1.376381920], [-.2236067977, 1.170820393, -.8506508078], [.2236067977, -1.170820393, -.8506508078], [.2236067977, 1.447213595, 0.], [.9472135954, .2763932023, -.8506508078], [-.9472135954, .7236067977, .525731113], [-.6708203931, .2763932023, -.8506508078], [-1.394427191, 1.447213595, 0.], [-.2236067977, 2.170820393, .525731113], [.5000000000, 1., -1.376381920], [-.5000000000, 1., -1.376381920], [.2236067977, -.1708203931, -.525731113], [-.2236067977, .5527864046, 0.], [.2236067977, -.1708203931, -2.227032728], [-.9472135954, 1.723606798, -.8506508078]]],
 
[[[1, 2, 6], [2, 1, 7], [1, 5, 7], [1, 3, 5], [3, 1, 4], [4, 1, 10], [1, 8, 10], [1, 6, 8], [6, 4, 8], [2, 4, 6], [2, 3, 4], [3, 2, 5], [5, 2, 9], [2, 7, 9], [9, 7, 12], [7, 5, 11], [5, 9, 11], [11, 9, 12], [11, 12, 18], [12, 7, 18], [7, 14, 18], [7, 13, 14], [14, 13, 17], [13, 8, 17], [10, 8, 13], [4, 10, 13], [4, 13, 15], [15, 13, 16], [13, 7, 16], [7, 11, 16], [16, 11, 18], [14, 16, 18], [14, 15, 16], [14, 4, 15], [4, 14, 17], [8, 4, 17]],[[.5000000000, 0., 0.], [-.5000000000, 0., 0.], [-.2236067977, -.4472135954, .3249196966], [.2236067977, .4472135954, .3249196966], [.2236067977, -.1708203931, -.5257311126], [-.2236067977, .1708203931, -.5257311126], [-.2236067977, .5527864046, 0.], [.527864046e-1, .7236067977, -.5257311126], [-.527864046e-1, .2763932023, -.8506508092], [.6708203931, .7236067977, -.5257311126], [.3944271908, .5527864046, 0.], [.2236067977, .8291796069, -.8506508092], [.5000000000, 1., .3249196966], [-.5000000000, 1., .3249196966], [-.2236067977, 1.170820393, .8506508092], [.2236067977, 1.447213595, 0.], [-.2236067977, 1.170820393, -.2008114160], [-.527864046e-1, 1.276393202, -.5257311126]]],
 
[[[1, 2, 6], [2, 1, 7], [1, 5, 7], [1, 3, 5], [3, 1, 4], [4, 1, 10], [1, 8, 10], [1, 6, 8], [6, 4, 8], [2, 4, 6], [2, 3, 4], [3, 2, 5], [5, 2, 9], [2, 7, 9], [9, 7, 12], [7, 5, 11], [5, 9, 11], [11, 9, 12], [11, 12, 18], [12, 7, 18], [7, 14, 18], [7, 13, 14], [14, 13, 17], [13, 8, 17], [10, 8, 13], [4, 10, 13], [4, 13, 15], [15, 13, 16], [13, 7, 16], [7, 11, 16], [16, 11, 18], [14, 16, 18], [14, 15, 16], [14, 4, 15], [4, 14, 17], [8, 4, 17]],[[.5000000000, 0., 0.], [-.5000000000, 0., 0.], [-.2236067977, -.4472135954, -.3249196966], [.2236067977, .4472135954, -.3249196966], [.2236067977, -.1708203931, .5257311126], [-.2236067977, .1708203931, .5257311126], [-.2236067977, .5527864046, 0.], [.527864046e-1, .7236067977, .5257311126], [-.527864046e-1, .2763932023, .8506508092], [.6708203931, .7236067977, .5257311126], [.3944271908, .5527864046, 0.], [.2236067977, .8291796069, .8506508092], [.5000000000, 1., -.3249196966], [-.5000000000, 1., -.3249196966], [-.2236067977, 1.170820393, -.8506508092], [.2236067977, 1.447213595, 0.], [-.2236067977, 1.170820393, .2008114160], [-.527864046e-1, 1.276393202, .5257311126]]],
 
[[[1, 2, 6], [2, 1, 7], [1, 5, 7], [1, 3, 5], [3, 1, 4], [4, 1, 10], [1, 8, 10], [1, 6, 8], [6, 4, 8], [2, 4, 6], [2, 3, 4], [3, 2, 5], [5, 2, 9], [2, 7, 9], [9, 7, 12], [7, 5, 11], [5, 9, 11], [11, 9, 12], [11, 12, 18], [12, 7, 18], [7, 14, 18], [7, 13, 14], [14, 13, 17], [13, 8, 17], [10, 8, 13], [4, 10, 13], [4, 13, 15], [15, 13, 16], [13, 7, 16], [7, 11, 16], [16, 11, 18], [14, 16, 18], [14, 15, 16], [14, 4, 15], [4, 14, 17], [8, 4, 17]],[[.5000000000, 0., 0.], [-.5000000000, 0., 0.], [-.2236067977, .4472135954, .3249196966], [.2236067977, -.4472135954, .3249196966], [.2236067977, .1708203931, -.5257311126], [-.2236067977, -.1708203931, -.5257311126], [-.2236067977, -.5527864046, 0.], [.527864046e-1, -.7236067977, -.5257311126], [-.527864046e-1, -.2763932023, -.8506508092], [.6708203931, -.7236067977, -.5257311126], [.3944271908, -.5527864046, 0.], [.2236067977, -.8291796069, -.8506508092], [.5000000000, -1., .3249196966], [-.5000000000, -1., .3249196966], [-.2236067977, -1.170820393, .8506508092], [.2236067977, -1.447213595, 0.], [-.2236067977, -1.170820393, -.2008114160], [-.527864046e-1, -1.276393202, -.5257311126]]],
 
[[[1, 2, 6], [2, 1, 7], [1, 5, 7], [1, 3, 5], [3, 1, 4], [4, 1, 10], [1, 8, 10], [1, 6, 8], [6, 4, 8], [2, 4, 6], [2, 3, 4], [3, 2, 5], [5, 2, 9], [2, 7, 9], [9, 7, 12], [7, 5, 11], [5, 9, 11], [11, 9, 12], [11, 12, 18], [12, 7, 18], [7, 14, 18], [7, 13, 14], [14, 13, 17], [13, 8, 17], [10, 8, 13], [4, 10, 13], [4, 13, 15], [15, 13, 16], [13, 7, 16], [7, 11, 16], [16, 11, 18], [14, 16, 18], [14, 15, 16], [14, 4, 15], [4, 14, 17], [8, 4, 17]],[[.5000000000, 0., 0.], [-.5000000000, 0., 0.], [-.2236067977, .4472135954, -.3249196966], [.2236067977, -.4472135954, -.3249196966], [.2236067977, .1708203931, .5257311126], [-.2236067977, -.1708203931, .5257311126], [-.2236067977, -.5527864046, 0.], [.527864046e-1, -.7236067977, .5257311126], [-.527864046e-1, -.2763932023, .8506508092], [.6708203931, -.7236067977, .5257311126], [.3944271908, -.5527864046, 0.], [.2236067977, -.8291796069, .8506508092], [.5000000000, -1., -.3249196966], [-.5000000000, -1., -.3249196966], [-.2236067977, -1.170820393, -.8506508092], [.2236067977, -1.447213595, 0.], [-.2236067977, -1.170820393, .2008114160], [-.527864046e-1, -1.276393202, .5257311126]]],
 
[[[1, 2, 6], [2, 1, 7], [1, 5, 7], [1, 3, 5], [3, 1, 4], [4, 1, 10], [1, 8, 10], [1, 6, 8], [6, 4, 8], [2, 4, 6], [2, 3, 4], [3, 2, 5], [5, 2, 9], [2, 7, 9], [9, 7, 12], [7, 5, 11], [5, 9, 11], [11, 9, 12], [11, 12, 18], [12, 7, 18], [7, 14, 18], [7, 13, 14], [14, 13, 17], [13, 8, 17], [10, 8, 13], [4, 10, 13], [4, 13, 15], [15, 13, 16], [13, 7, 16], [7, 11, 16], [16, 11, 18], [14, 16, 18], [14, 15, 16], [14, 4, 15], [4, 14, 17], [8, 4, 17]],[[.5000000000, 0., 0.], [-.5000000000, 0., 0.], [.2236067977, -.4472135954, 1.376381920], [-.2236067977, .4472135954, 1.376381920], [-.2236067977, -1.170820393, .8506508078], [.2236067977, 1.170820393, .8506508078], [.2236067977, -1.447213595, 0.], [.9472135954, -.2763932023, .8506508078], [-.9472135954, -.7236067977, -.525731113], [-.6708203931, -.2763932023, .8506508078], [-1.394427191, -1.447213595, 0.], [-.2236067977, -2.170820393, -.525731113], [.5000000000, -1., 1.376381920], [-.5000000000, -1., 1.376381920], [.2236067977, .1708203931, .525731113], [-.2236067977, -.5527864046, 0.], [.2236067977, .1708203931, 2.227032728], [-.9472135954, -1.723606798, .8506508078]]],
 
[[[1, 2, 6], [2, 1, 7], [1, 5, 7], [1, 3, 5], [3, 1, 4], [4, 1, 10], [1, 8, 10], [1, 6, 8], [6, 4, 8], [2, 4, 6], [2, 3, 4], [3, 2, 5], [5, 2, 9], [2, 7, 9], [9, 7, 12], [7, 5, 11], [5, 9, 11], [11, 9, 12], [11, 12, 18], [12, 7, 18], [7, 14, 18], [7, 13, 14], [14, 13, 17], [13, 8, 17], [10, 8, 13], [4, 10, 13], [4, 13, 15], [15, 13, 16], [13, 7, 16], [7, 11, 16], [16, 11, 18], [14, 16, 18], [14, 15, 16], [14, 4, 15], [4, 14, 17], [8, 4, 17]],[[.5000000000, 0., 0.], [-.5000000000, 0., 0.], [.2236067977, -.4472135954, -1.376381920], [-.2236067977, .4472135954, -1.376381920], [-.2236067977, -1.170820393, -.8506508078], [.2236067977, 1.170820393, -.8506508078], [.2236067977, -1.447213595, 0.], [.9472135954, -.2763932023, -.8506508078], [-.9472135954, -.7236067977, .525731113], [-.6708203931, -.2763932023, -.8506508078], [-1.394427191, -1.447213595, 0.], [-.2236067977, -2.170820393, .525731113], [.5000000000, -1., -1.376381920], [-.5000000000, -1., -1.376381920], [.2236067977, .1708203931, -.525731113], [-.2236067977, -.5527864046, 0.], [.2236067977, .1708203931, -2.227032728], [-.9472135954, -1.723606798, -.8506508078]]],
 
[[[1, 2, 6], [2, 1, 7], [1, 5, 7], [1, 3, 5], [3, 1, 4], [4, 1, 8], [8, 1, 12], [1, 10, 12], [1, 6, 10], [6, 8, 10], [6, 4, 8], [2, 4, 6], [2, 3, 4], [3, 2, 5], [5, 2, 9], [9, 2, 11], [7, 9, 11], [7, 5, 9], [7, 11, 18], [11, 2, 18], [2, 16, 18], [2, 14, 16], [14, 13, 16], [13, 7, 16], [2, 7, 13], [2, 13, 17], [13, 10, 17], [12, 10, 13], [8, 12, 13], [8, 13, 15], [13, 14, 15], [14, 2, 15], [15, 2, 17], [8, 15, 17], [10, 8, 17], [16, 7, 18]],[[.5000000000, 0., 0.], [-.5000000000, 0., 0.], [-.3047378539, .3964023716, .6865890479], [.3047378539, -.3964023716, .6865890479], [.3047378539, .7928047434, 0.], [-.3047378539, -.7928047434, 0.], [-.3047378539, .3964023716, -.6865890479], [.4428090414, -.9569999819, -.2843944960], [-.4428090414, .9569999819, .2843944960], [-.85786438e-1, 0., -.568788992], [-1.028595479, .9569999819, -.2843944960], [.6380711873, -.5605976103, -.9709835439], [-.4428090414, -.7247928494, -.6865890479], [-1.247546895, -.3283904776, 0.], [-.6380711873, -1.121195221, 0.], [-1.028595479, -.2322071331, -.9709835439], [.85786438e-1, -.492585716, .2843944960], [-1.385618082, .2322071331, -.4021945521]]],
 
[[[1, 2, 6], [2, 1, 7], [1, 5, 7], [1, 3, 5], [3, 1, 4], [4, 1, 8], [8, 1, 12], [1, 10, 12], [1, 6, 10], [6, 8, 10], [6, 4, 8], [2, 4, 6], [2, 3, 4], [3, 2, 5], [5, 2, 9], [9, 2, 11], [7, 9, 11], [7, 5, 9], [7, 11, 18], [11, 2, 18], [2, 16, 18], [2, 14, 16], [14, 13, 16], [13, 7, 16], [2, 7, 13], [2, 13, 17], [13, 10, 17], [12, 10, 13], [8, 12, 13], [8, 13, 15], [13, 14, 15], [14, 2, 15], [15, 2, 17], [8, 15, 17], [10, 8, 17], [16, 7, 18]],[[.5000000000, 0., 0.], [-.5000000000, 0., 0.], [-.3047378539, -.3964023716, .6865890479], [.3047378539, .3964023716, .6865890479], [.3047378539, -.7928047434, 0.], [-.3047378539, .7928047434, 0.], [-.3047378539, -.3964023716, -.6865890479], [.4428090414, .9569999819, -.2843944960], [-.4428090414, -.9569999819, .2843944960], [-.85786438e-1, 0., -.568788992], [-1.028595479, -.9569999819, -.2843944960], [.6380711873, .5605976103, -.9709835439], [-.4428090414, .7247928494, -.6865890479], [-1.247546895, .3283904776, 0.], [-.6380711873, 1.121195221, 0.], [-1.028595479, .2322071331, -.9709835439], [.85786438e-1, .492585716, .2843944960], [-1.385618082, -.2322071331, -.4021945521]]],
 
[[[1, 2, 6], [2, 1, 7], [1, 5, 7], [1, 3, 5], [3, 1, 4], [4, 1, 8], [8, 1, 12], [1, 10, 12], [1, 6, 10], [6, 8, 10], [6, 4, 8], [2, 4, 6], [2, 3, 4], [3, 2, 5], [5, 2, 9], [9, 2, 11], [7, 9, 11], [7, 5, 9], [7, 11, 18], [11, 2, 18], [2, 16, 18], [2, 14, 16], [14, 13, 16], [13, 7, 16], [2, 7, 13], [2, 13, 17], [13, 10, 17], [12, 10, 13], [8, 12, 13], [8, 13, 15], [13, 14, 15], [14, 2, 15], [15, 2, 17], [8, 15, 17], [10, 8, 17], [16, 7, 18]],[[.5000000000, 0., 0.], [-.5000000000, 0., 0.], [-.3047378539, .3964023716, -.6865890479], [.3047378539, -.3964023716, -.6865890479], [.3047378539, .7928047434, 0.], [-.3047378539, -.7928047434, 0.], [-.3047378539, .3964023716, .6865890479], [.4428090414, -.9569999819, .2843944960], [-.4428090414, .9569999819, -.2843944960], [-.85786438e-1, 0., .568788992], [-1.028595479, .9569999819, .2843944960], [.6380711873, -.5605976103, .9709835439], [-.4428090414, -.7247928494, .6865890479], [-1.247546895, -.3283904776, 0.], [-.6380711873, -1.121195221, 0.], [-1.028595479, -.2322071331, .9709835439], [.85786438e-1, -.492585716, -.2843944960], [-1.385618082, .2322071331, .4021945521]]],
 
[[[1, 2, 6], [2, 1, 7], [1, 5, 7], [1, 3, 5], [3, 1, 4], [4, 1, 8], [8, 1, 12], [1, 10, 12], [1, 6, 10], [6, 8, 10], [6, 4, 8], [2, 4, 6], [2, 3, 4], [3, 2, 5], [5, 2, 9], [9, 2, 11], [7, 9, 11], [7, 5, 9], [7, 11, 18], [11, 2, 18], [2, 16, 18], [2, 14, 16], [14, 13, 16], [13, 7, 16], [2, 7, 13], [2, 13, 17], [13, 10, 17], [12, 10, 13], [8, 12, 13], [8, 13, 15], [13, 14, 15], [14, 2, 15], [15, 2, 17], [8, 15, 17], [10, 8, 17], [16, 7, 18]],[[.5000000000, 0., 0.], [-.5000000000, 0., 0.], [-.3047378539, -.3964023716, -.6865890479], [.3047378539, .3964023716, -.6865890479], [.3047378539, -.7928047434, 0.], [-.3047378539, .7928047434, 0.], [-.3047378539, -.3964023716, .6865890479], [.4428090414, .9569999819, .2843944960], [-.4428090414, -.9569999819, -.2843944960], [-.85786438e-1, 0., .568788992], [-1.028595479, -.9569999819, .2843944960], [.6380711873, .5605976103, .9709835439], [-.4428090414, .7247928494, .6865890479], [-1.247546895, .3283904776, 0.], [-.6380711873, 1.121195221, 0.], [-1.028595479, .2322071331, .9709835439], [.85786438e-1, .492585716, -.2843944960], [-1.385618082, -.2322071331, .4021945521]]],
 
[[[1, 2, 6], [2, 1, 7], [1, 5, 7], [1, 3, 5], [3, 1, 4], [4, 1, 8], [8, 1, 10], [10, 1, 12], [1, 6, 12], [6, 8, 10], [6, 4, 8], [2, 4, 6], [2, 3, 4], [3, 2, 5], [5, 2, 9], [2, 7, 9], [7, 5, 11], [5, 9, 11], [11, 9, 17], [9, 14, 17], [14, 15, 17], [15, 13, 17], [13, 7, 17], [7, 13, 14], [13, 6, 14], [12, 6, 13], [10, 12, 13], [10, 13, 18], [13, 16, 18], [13, 15, 16], [15, 14, 16], [14, 6, 16], [16, 6, 18], [6, 10, 18], [9, 7, 14], [7, 11, 17]],[[.5000000000, 0., 0.], [-.5000000000, 0., 0.], [.1346904945, .4815168437, .1871993567], [-.1346904945, -.4815168437, .1871993567], [-.1346904945, -.228628836, -.4632827714], [.1346904945, .228628836, -.4632827714], [.1346904945, -.144332834, .4960545376], [-.2564603297, -.489603234, -.4336547520], [.2564603297, -.6420224581, .1247995711], [.3056640476, -.7409398107, -.2880552524], [.1027143224, .2929125616, -.1949795320], [.2962239683, -.469073814, -.8593282789], [-.1838942125, -.1297114836, -.5042794790e-1], [.7365785104, .2345369067, .9118093916e-1], [-.495376048e-1, .4465750359, .1736150262], [.5492037179, -.3518053602, .2376273046], [.5492037179, -.98917353e-1, -.4128548235], [.7521534432, -.2983034880, -.3592831288]]],
 
[[[1, 2, 6], [2, 1, 7], [1, 5, 7], [1, 3, 5], [3, 1, 4], [4, 1, 8], [8, 1, 10], [10, 1, 12], [1, 6, 12], [6, 8, 10], [6, 4, 8], [2, 4, 6], [2, 3, 4], [3, 2, 5], [5, 2, 9], [2, 7, 9], [7, 5, 11], [5, 9, 11], [11, 9, 17], [9, 14, 17], [14, 15, 17], [15, 13, 17], [13, 7, 17], [7, 13, 14], [13, 6, 14], [12, 6, 13], [10, 12, 13], [10, 13, 18], [13, 16, 18], [13, 15, 16], [15, 14, 16], [14, 6, 16], [16, 6, 18], [6, 10, 18], [9, 7, 14], [7, 11, 17]],[[.5000000000, 0., 0.], [-.5000000000, 0., 0.], [.1346904945, -.4815168437, .1871993567], [-.1346904945, .4815168437, .1871993567], [-.1346904945, .228628836, -.4632827714], [.1346904945, -.228628836, -.4632827714], [.1346904945, .144332834, .4960545376], [-.2564603297, .489603234, -.4336547520], [.2564603297, .6420224581, .1247995711], [.3056640476, .7409398107, -.2880552524], [.1027143224, -.2929125616, -.1949795320], [.2962239683, .469073814, -.8593282789], [-.1838942125, .1297114836, -.5042794790e-1], [.7365785104, -.2345369067, .9118093916e-1], [-.495376048e-1, -.4465750359, .1736150262], [.5492037179, .3518053602, .2376273046], [.5492037179, .98917353e-1, -.4128548235], [.7521534432, .2983034880, -.3592831288]]],
 
[[[1, 2, 6], [2, 1, 7], [1, 5, 7], [1, 3, 5], [3, 1, 4], [4, 1, 8], [8, 1, 10], [10, 1, 12], [1, 6, 12], [6, 8, 10], [6, 4, 8], [2, 4, 6], [2, 3, 4], [3, 2, 5], [5, 2, 9], [2, 7, 9], [7, 5, 11], [5, 9, 11], [11, 9, 17], [9, 14, 17], [14, 15, 17], [15, 13, 17], [13, 7, 17], [7, 13, 14], [13, 6, 14], [12, 6, 13], [10, 12, 13], [10, 13, 18], [13, 16, 18], [13, 15, 16], [15, 14, 16], [14, 6, 16], [16, 6, 18], [6, 10, 18], [9, 7, 14], [7, 11, 17]],[[.5000000000, 0., 0.], [-.5000000000, 0., 0.], [-.4124682723, .2826126753, 1.259097602], [.4124682723, -.2826126753, 1.259097602], [.4124682723, .7936167967, 1.017530872], [-.4124682723, -.7936167967, 1.017530872], [-.4124682723, 1.152359954, .580743687], [.1083121815, -.9058947648, -.161044486], [-.1083121815, -.3768169004, .8393984012], [-.4846763932, .1836623723, .8182536488], [-.9916032112, .6882739778e-1, .9849941302], [.8231175955, -.6876669321, .650160911], [.7888324841, .2331375238, 1.038675625], [-.740270700e-1, .3438334661, 1.531848818], [-.6507367436, .9028901200e-1, .4022561207], [.1236357883, -.5157501992, .2204219771], [.1236357883, .5604792728, -.21144753e-1], [.6305626062, -.4843487908, 1.717029540]]],
 
[[[1, 2, 6], [2, 1, 7], [1, 5, 7], [1, 3, 5], [3, 1, 4], [4, 1, 8], [8, 1, 10], [10, 1, 12], [1, 6, 12], [6, 8, 10], [6, 4, 8], [2, 4, 6], [2, 3, 4], [3, 2, 5], [5, 2, 9], [2, 7, 9], [7, 5, 11], [5, 9, 11], [11, 9, 17], [9, 14, 17], [14, 15, 17], [15, 13, 17], [13, 7, 17], [7, 13, 14], [13, 6, 14], [12, 6, 13], [10, 12, 13], [10, 13, 18], [13, 16, 18], [13, 15, 16], [15, 14, 16], [14, 6, 16], [16, 6, 18], [6, 10, 18], [9, 7, 14], [7, 11, 17]],[[.5000000000, 0., 0.], [-.5000000000, 0., 0.], [-.4124682723, -.2826126753, 1.259097602], [.4124682723, .2826126753, 1.259097602], [.4124682723, -.7936167967, 1.017530872], [-.4124682723, .7936167967, 1.017530872], [-.4124682723, -1.152359954, .580743687], [.1083121815, .9058947648, -.161044486], [-.1083121815, .3768169004, .8393984012], [-.4846763932, -.1836623723, .8182536488], [-.9916032112, -.6882739778e-1, .9849941302], [.8231175955, .6876669321, .650160911], [.7888324841, -.2331375238, 1.038675625], [-.740270700e-1, -.3438334661, 1.531848818], [-.6507367436, -.9028901200e-1, .4022561207], [.1236357883, .5157501992, .2204219771], [.1236357883, -.5604792728, -.21144753e-1], [.6305626062, .4843487908, 1.717029540]]],
 
[[[1, 2, 6], [2, 1, 7], [1, 5, 7], [1, 3, 5], [3, 1, 4], [4, 1, 8], [8, 1, 10], [10, 1, 12], [1, 6, 12], [6, 8, 10], [6, 4, 8], [2, 4, 6], [2, 3, 4], [3, 2, 5], [5, 2, 9], [2, 7, 9], [7, 5, 11], [5, 9, 11], [11, 9, 17], [9, 14, 17], [14, 15, 17], [15, 13, 17], [13, 7, 17], [7, 13, 14], [13, 6, 14], [12, 6, 13], [10, 12, 13], [10, 13, 18], [13, 16, 18], [13, 15, 16], [15, 14, 16], [14, 6, 16], [16, 6, 18], [6, 10, 18], [9, 7, 14], [7, 11, 17]],[[.5000000000, 0., 0.], [-.5000000000, 0., 0.], [.1346904945, .4815168437, -.1871993567], [-.1346904945, -.4815168437, -.1871993567], [-.1346904945, -.228628836, .4632827714], [.1346904945, .228628836, .4632827714], [.1346904945, -.144332834, -.4960545376], [-.2564603297, -.489603234, .4336547520], [.2564603297, -.6420224581, -.1247995711], [.3056640476, -.7409398107, .2880552524], [.1027143224, .2929125616, .1949795320], [.2962239683, -.469073814, .8593282789], [-.1838942125, -.1297114836, .5042794790e-1], [.7365785104, .2345369067, -.9118093916e-1], [-.495376048e-1, .4465750359, -.1736150262], [.5492037179, -.3518053602, -.2376273046], [.5492037179, -.98917353e-1, .4128548235], [.7521534432, -.2983034880, .3592831288]]],
 
[[[1, 2, 6], [2, 1, 7], [1, 5, 7], [1, 3, 5], [3, 1, 4], [4, 1, 8], [8, 1, 10], [10, 1, 12], [1, 6, 12], [6, 8, 10], [6, 4, 8], [2, 4, 6], [2, 3, 4], [3, 2, 5], [5, 2, 9], [2, 7, 9], [7, 5, 11], [5, 9, 11], [11, 9, 17], [9, 14, 17], [14, 15, 17], [15, 13, 17], [13, 7, 17], [7, 13, 14], [13, 6, 14], [12, 6, 13], [10, 12, 13], [10, 13, 18], [13, 16, 18], [13, 15, 16], [15, 14, 16], [14, 6, 16], [16, 6, 18], [6, 10, 18], [9, 7, 14], [7, 11, 17]],[[.5000000000, 0., 0.], [-.5000000000, 0., 0.], [.1346904945, -.4815168437, -.1871993567], [-.1346904945, .4815168437, -.1871993567], [-.1346904945, .228628836, .4632827714], [.1346904945, -.228628836, .4632827714], [.1346904945, .144332834, -.4960545376], [-.2564603297, .489603234, .4336547520], [.2564603297, .6420224581, -.1247995711], [.3056640476, .7409398107, .2880552524], [.1027143224, -.2929125616, .1949795320], [.2962239683, .469073814, .8593282789], [-.1838942125, .1297114836, .5042794790e-1], [.7365785104, -.2345369067, -.9118093916e-1], [-.495376048e-1, -.4465750359, -.1736150262], [.5492037179, .3518053602, -.2376273046], [.5492037179, .98917353e-1, .4128548235], [.7521534432, .2983034880, .3592831288]]],
 
[[[1, 2, 6], [2, 1, 7], [1, 5, 7], [1, 3, 5], [3, 1, 4], [4, 1, 8], [8, 1, 10], [10, 1, 12], [1, 6, 12], [6, 8, 10], [6, 4, 8], [2, 4, 6], [2, 3, 4], [3, 2, 5], [5, 2, 9], [2, 7, 9], [7, 5, 11], [5, 9, 11], [11, 9, 17], [9, 14, 17], [14, 15, 17], [15, 13, 17], [13, 7, 17], [7, 13, 14], [13, 6, 14], [12, 6, 13], [10, 12, 13], [10, 13, 18], [13, 16, 18], [13, 15, 16], [15, 14, 16], [14, 6, 16], [16, 6, 18], [6, 10, 18], [9, 7, 14], [7, 11, 17]],[[.5000000000, 0., 0.], [-.5000000000, 0., 0.], [-.4124682723, .2826126753, -1.259097602], [.4124682723, -.2826126753, -1.259097602], [.4124682723, .7936167967, -1.017530872], [-.4124682723, -.7936167967, -1.017530872], [-.4124682723, 1.152359954, -.580743687], [.1083121815, -.9058947648, .161044486], [-.1083121815, -.3768169004, -.8393984012], [-.4846763932, .1836623723, -.8182536488], [-.9916032112, .6882739778e-1, -.9849941302], [.8231175955, -.6876669321, -.650160911], [.7888324841, .2331375238, -1.038675625], [-.740270700e-1, .3438334661, -1.531848818], [-.6507367436, .9028901200e-1, -.4022561207], [.1236357883, -.5157501992, -.2204219771], [.1236357883, .5604792728, .21144753e-1], [.6305626062, -.4843487908, -1.717029540]]],
 
[[[1, 2, 6], [2, 1, 7], [1, 5, 7], [1, 3, 5], [3, 1, 4], [4, 1, 8], [8, 1, 10], [10, 1, 12], [1, 6, 12], [6, 8, 10], [6, 4, 8], [2, 4, 6], [2, 3, 4], [3, 2, 5], [5, 2, 9], [2, 7, 9], [7, 5, 11], [5, 9, 11], [11, 9, 17], [9, 14, 17], [14, 15, 17], [15, 13, 17], [13, 7, 17], [7, 13, 14], [13, 6, 14], [12, 6, 13], [10, 12, 13], [10, 13, 18], [13, 16, 18], [13, 15, 16], [15, 14, 16], [14, 6, 16], [16, 6, 18], [6, 10, 18], [9, 7, 14], [7, 11, 17]],[[.5000000000, 0., 0.], [-.5000000000, 0., 0.], [-.4124682723, -.2826126753, -1.259097602], [.4124682723, .2826126753, -1.259097602], [.4124682723, -.7936167967, -1.017530872], [-.4124682723, .7936167967, -1.017530872], [-.4124682723, -1.152359954, -.580743687], [.1083121815, .9058947648, .161044486], [-.1083121815, .3768169004, -.8393984012], [-.4846763932, -.1836623723, -.8182536488], [-.9916032112, -.6882739778e-1, -.9849941302], [.8231175955, .6876669321, -.650160911], [.7888324841, -.2331375238, -1.038675625], [-.740270700e-1, -.3438334661, -1.531848818], [-.6507367436, -.9028901200e-1, -.4022561207], [.1236357883, .5157501992, -.2204219771], [.1236357883, -.5604792728, .21144753e-1], [.6305626062, .4843487908, -1.717029540]]],
 
[[[1, 2, 6], [2, 1, 7], [1, 5, 7], [1, 3, 5], [3, 1, 4], [4, 1, 8], [1, 6, 10], [6, 8, 10], [6, 4, 8], [2, 4, 6], [2, 3, 4], [3, 2, 5], [5, 2, 9], [2, 7, 9], [9, 7, 12], [7, 11, 12], [7, 5, 11], [5, 9, 11], [12, 9, 18], [9, 13, 18], [13, 1, 18], [1, 13, 17], [10, 1, 17], [8, 10, 17], [15, 8, 17], [1, 8, 15], [14, 1, 15], [1, 14, 16], [1, 16, 18], [16, 11, 18], [11, 12, 18], [9, 11, 16], [13, 9, 16], [14, 13, 16], [13, 14, 15], [13, 15, 17]],[[.5000000000, 0., 0.], [-.5000000000, 0., 0.], [-.2612038748, .4263479051, 2.013956149], [.2612038748, -.4263479051, 2.013956149], [.2612038748, 1.205893980, 1.668415903], [-.2612038748, -1.205893980, 1.668415903], [-.2612038748, 1.778541357, 1.036620742], [.8918058123, -.9195702912, -.29642666e-1], [-.8918058123, -.3166233013, .8638506177], [-1.011203875, -.9378577251, 1.063720470], [-1.653009687, .2497488206, 1.179748199], [-.1959029062, 1.473930234, .8638506177e-1], [-.224077497e-1, .1765990846, .8342079514], [-1.653009687, -.8829954228e-1, -.4171039755], [-1.229514530, -.9775702206, -.5898740991], [-1.229514530, .6546716641, -.9354143465], [-1.076504844, -1.507367475, .2443338522], [-1.076504844, 1.477067861, -.3874613095]]],
 
[[[1, 2, 6], [2, 1, 7], [1, 5, 7], [1, 3, 5], [3, 1, 4], [4, 1, 8], [1, 6, 10], [6, 8, 10], [6, 4, 8], [2, 4, 6], [2, 3, 4], [3, 2, 5], [5, 2, 9], [2, 7, 9], [9, 7, 12], [7, 11, 12], [7, 5, 11], [5, 9, 11], [12, 9, 18], [9, 13, 18], [13, 1, 18], [1, 13, 17], [10, 1, 17], [8, 10, 17], [15, 8, 17], [1, 8, 15], [14, 1, 15], [1, 14, 16], [1, 16, 18], [16, 11, 18], [11, 12, 18], [9, 11, 16], [13, 9, 16], [14, 13, 16], [13, 14, 15], [13, 15, 17]],[[.5000000000, 0., 0.], [-.5000000000, 0., 0.], [-.2612038748, -.4263479051, 2.013956149], [.2612038748, .4263479051, 2.013956149], [.2612038748, -1.205893980, 1.668415903], [-.2612038748, 1.205893980, 1.668415903], [-.2612038748, -1.778541357, 1.036620742], [.8918058123, .9195702912, -.29642666e-1], [-.8918058123, .3166233013, .8638506177], [-1.011203875, .9378577251, 1.063720470], [-1.653009687, -.2497488206, 1.179748199], [-.1959029062, -1.473930234, .8638506177e-1], [-.224077497e-1, -.1765990846, .8342079514], [-1.653009687, .8829954228e-1, -.4171039755], [-1.229514530, .9775702206, -.5898740991], [-1.229514530, -.6546716641, -.9354143465], [-1.076504844, 1.507367475, .2443338522], [-1.076504844, -1.477067861, -.3874613095]]],
 
[[[1, 2, 6], [2, 1, 7], [1, 5, 7], [1, 3, 5], [3, 1, 4], [4, 1, 8], [1, 6, 10], [6, 8, 10], [6, 4, 8], [2, 4, 6], [2, 3, 4], [3, 2, 5], [5, 2, 9], [2, 7, 9], [9, 7, 12], [7, 11, 12], [7, 5, 11], [5, 9, 11], [12, 9, 18], [9, 13, 18], [13, 1, 18], [1, 13, 17], [10, 1, 17], [8, 10, 17], [15, 8, 17], [1, 8, 15], [14, 1, 15], [1, 14, 16], [1, 16, 18], [16, 11, 18], [11, 12, 18], [9, 11, 16], [13, 9, 16], [14, 13, 16], [13, 14, 15], [13, 15, 17]],[[.5000000000, 0., 0.], [-.5000000000, 0., 0.], [-.2612038748, .4263479051, -2.013956149], [.2612038748, -.4263479051, -2.013956149], [.2612038748, 1.205893980, -1.668415903], [-.2612038748, -1.205893980, -1.668415903], [-.2612038748, 1.778541357, -1.036620742], [.8918058123, -.9195702912, .29642666e-1], [-.8918058123, -.3166233013, -.8638506177], [-1.011203875, -.9378577251, -1.063720470], [-1.653009687, .2497488206, -1.179748199], [-.1959029062, 1.473930234, -.8638506177e-1], [-.224077497e-1, .1765990846, -.8342079514], [-1.653009687, -.8829954228e-1, .4171039755], [-1.229514530, -.9775702206, .5898740991], [-1.229514530, .6546716641, .9354143465], [-1.076504844, -1.507367475, -.2443338522], [-1.076504844, 1.477067861, .3874613095]]],
 
[[[1, 2, 6], [2, 1, 7], [1, 5, 7], [1, 3, 5], [3, 1, 4], [4, 1, 8], [1, 6, 10], [6, 8, 10], [6, 4, 8], [2, 4, 6], [2, 3, 4], [3, 2, 5], [5, 2, 9], [2, 7, 9], [9, 7, 12], [7, 11, 12], [7, 5, 11], [5, 9, 11], [12, 9, 18], [9, 13, 18], [13, 1, 18], [1, 13, 17], [10, 1, 17], [8, 10, 17], [15, 8, 17], [1, 8, 15], [14, 1, 15], [1, 14, 16], [1, 16, 18], [16, 11, 18], [11, 12, 18], [9, 11, 16], [13, 9, 16], [14, 13, 16], [13, 14, 15], [13, 15, 17]],[[.5000000000, 0., 0.], [-.5000000000, 0., 0.], [-.2612038748, -.4263479051, -2.013956149], [.2612038748, .4263479051, -2.013956149], [.2612038748, -1.205893980, -1.668415903], [-.2612038748, 1.205893980, -1.668415903], [-.2612038748, -1.778541357, -1.036620742], [.8918058123, .9195702912, .29642666e-1], [-.8918058123, .3166233013, -.8638506177], [-1.011203875, .9378577251, -1.063720470], [-1.653009687, -.2497488206, -1.179748199], [-.1959029062, -1.473930234, -.8638506177e-1], [-.224077497e-1, -.1765990846, -.8342079514], [-1.653009687, .8829954228e-1, .4171039755], [-1.229514530, .9775702206, .5898740991], [-1.229514530, -.6546716641, .9354143465], [-1.076504844, 1.507367475, -.2443338522], [-1.076504844, -1.477067861, .3874613095]]],
 
[[[1, 2, 6], [2, 1, 7], [1, 5, 7], [1, 3, 5], [3, 1, 4], [4, 1, 8], [1, 6, 10], [6, 8, 10], [6, 4, 8], [2, 4, 6], [2, 3, 4], [3, 2, 5], [5, 2, 9], [2, 7, 9], [9, 7, 12], [7, 11, 12], [7, 5, 11], [5, 9, 11], [12, 9, 18], [9, 13, 18], [13, 1, 18], [1, 13, 17], [10, 1, 17], [8, 10, 17], [15, 8, 17], [1, 8, 15], [14, 1, 15], [1, 14, 16], [1, 16, 18], [16, 11, 18], [11, 12, 18], [9, 11, 16], [13, 9, 16], [14, 13, 16], [13, 14, 15], [13, 15, 17]],[[.5000000000, 0., 0.], [-.5000000000, 0., 0.], [-.2048135901+.1595e-8*I, .4561264737-.3680e-7*I, .6133456575-.6721140958e-9*I], [.2048135902-.157e-8*I, -.4561264735+.3684e-7*I, .6133456575-.6721140958e-9*I], [.2048135902-.157e-8*I, .7186666237-.5744e-7*I, -.2603123088-.620e-8*I], [-.2048135901+.1595e-8*I, -.7186666237+.5744e-7*I, -.2603123088-.620e-8*I], [-.2048135901+.1595e-8*I, -.4247181198e-1+.23e-8*I, -.7631778148+.352e-7*I], [.5717086297-.207e-8*I, -.9751895807+.7752e-7*I, -.2094350084-.293e-7*I], [-.5717086297+.2067958230e-8*I, .8831025772-.7186e-7*I, -.4636675082+.286e-7*I], [.4027493542-.153e-8*I, -.1376376763+.1029e-7*I, -.8018587944-.247e-7*I], [-.4515217004e-1+.1395e-8*I, .5883803166-.4778e-7*I, -1.261086525+.176e-7*I], [-1.039800450+.4158794598e-8*I, .4603578205-.3744e-7*I, -.9866935191+.139e-7*I], [.2905374820+.16603e-8*I, -.8646700151+.698e-7*I, -1.162707340+.316e-8*I], [-.6685236364+.66e-8*I, -.6956726253+.560e-7*I, -.9354593745-.1099e-8*I], [-.6018875819+.335e-8*I, -1.183011526+.953e-7*I, -1.590775854+.64e-8*I], [-.548616816e-1+.523e-8*I, -1.528076855+.1231e-6*I, -.8280881355-.487e-9*I], [-.548616816e-1+.523e-8*I, -.3532837588+.290e-7*I, -1.701746102-.614e-8*I], [-.7811711476+.388e-8*I, .1843256211e-1-.216e-8*I, -1.626374845+.310e-7*I]]],
 
[[[1, 2, 6], [2, 1, 7], [1, 5, 7], [1, 3, 5], [3, 1, 4], [4, 1, 8], [1, 6, 10], [6, 8, 10], [6, 4, 8], [2, 4, 6], [2, 3, 4], [3, 2, 5], [5, 2, 9], [2, 7, 9], [9, 7, 12], [7, 11, 12], [7, 5, 11], [5, 9, 11], [12, 9, 18], [9, 13, 18], [13, 1, 18], [1, 13, 17], [10, 1, 17], [8, 10, 17], [15, 8, 17], [1, 8, 15], [14, 1, 15], [1, 14, 16], [1, 16, 18], [16, 11, 18], [11, 12, 18], [9, 11, 16], [13, 9, 16], [14, 13, 16], [13, 14, 15], [13, 15, 17]],[[.5000000000, 0., 0.], [-.5000000000, 0., 0.], [-.2048135901+.1595e-8*I, -.4561264735+.3684e-7*I, .6133456575-.6721140958e-9*I], [.2048135902-.157e-8*I, .4561264737-.3680e-7*I, .6133456575-.6721140958e-9*I], [.2048135902-.157e-8*I, -.7186666237+.5744e-7*I, -.2603123088-.620e-8*I], [-.2048135901+.1595e-8*I, .7186666237-.5744e-7*I, -.2603123088-.620e-8*I], [-.2048135901+.1595e-8*I, .4247181198e-1-.23e-8*I, -.7631778148+.352e-7*I], [.5717086297-.207e-8*I, .9751895807-.7752e-7*I, -.2094350084-.293e-7*I], [-.5717086297+.2067958230e-8*I, -.8831025772+.7187e-7*I, -.4636675082+.286e-7*I], [.4027493542-.153e-8*I, .1376376763-.1029e-7*I, -.8018587944-.247e-7*I], [-.4515217004e-1+.1395e-8*I, -.5883803168+.4782e-7*I, -1.261086525+.176e-7*I], [-1.039800450+.4158794598e-8*I, -.4603578206+.3735e-7*I, -.9866935191+.139e-7*I], [.2905374820+.16603e-8*I, .8646700152-.6985e-7*I, -1.162707340+.316e-8*I], [-.6685236364+.66e-8*I, .6956726252-.5609e-7*I, -.9354593745-.1099e-8*I], [-.6018875819+.335e-8*I, 1.183011525-.953e-7*I, -1.590775854+.64e-8*I], [-.548616816e-1+.523e-8*I, 1.528076856-.1231e-6*I, -.8280881355-.487e-9*I], [-.548616816e-1+.523e-8*I, .3532837588-.2912e-7*I, -1.701746102-.614e-8*I], [-.7811711476+.388e-8*I, -.1843256211e-1+.21780e-8*I, -1.626374845+.310e-7*I]]],
 
[[[1, 2, 6], [2, 1, 7], [1, 5, 7], [1, 3, 5], [3, 1, 4], [4, 1, 8], [1, 6, 10], [6, 8, 10], [6, 4, 8], [2, 4, 6], [2, 3, 4], [3, 2, 5], [5, 2, 9], [2, 7, 9], [9, 7, 12], [7, 11, 12], [7, 5, 11], [5, 9, 11], [12, 9, 18], [9, 13, 18], [13, 1, 18], [1, 13, 17], [10, 1, 17], [8, 10, 17], [15, 8, 17], [1, 8, 15], [14, 1, 15], [1, 14, 16], [1, 16, 18], [16, 11, 18], [11, 12, 18], [9, 11, 16], [13, 9, 16], [14, 13, 16], [13, 14, 15], [13, 15, 17]],[[.5000000000, 0., 0.], [-.5000000000, 0., 0.], [-.3985574273+.28e-9*I, .3019138486+.1251e-7*I, .9083827178-.2751369855e-10*I], [.3985574273-.3e-9*I, -.3019138487-.1267e-7*I, .9083827178-.2751369855e-10*I], [.3985574273-.3e-9*I, .7856074864+.3290e-7*I, .5469295959-.27e-8*I], [-.3985574273+.28e-9*I, -.7856074864-.3290e-7*I, .5469295959-.27e-8*I], [-.3985574273+.28e-9*I, .9567012996+.4014e-7*I, -.32151416e-1+.11e-7*I], [.1566755394-.5e-9*I, -.9107770500-.3828e-7*I, -.229376181-.12e-7*I], [-.1566755394+.5030217307e-9*I, .1010104763+.452e-8*I, .933769358+.11e-7*I], [-.4135441180-.9e-9*I, .1696440676+.721e-8*I, .2515149439-.8199559340e-8*I], [-.8953788202-.9e-10*I, .7540968758+.3191e-7*I, .7670492399+.8373761976e-8*I], [-.1858813261+.1093224778e-8*I, -.2035437016e-1-.715e-9*I, -.207039756e-1+.6755548674e-8*I], [-.4320779528+.6229938138e-10*I, -.2102990813-.895e-8*I, -.6327369617+.8690581214e-9*I], [-.1090968791+.2073247237e-8*I, .8819709442e-1+.379e-8*I, .265362841-.9165371599e-10*I], [-1.047799382+.4440186056e-9*I, .1554293339+.6408e-8*I, .4676477133+.3053940633e-8*I], [-1.125012126+.9208334353e-9*I, -.6456675836-.2729e-7*I, -.125885680+.1055641893e-9*I], [-1.125012126+.9208334353e-9*I, .4418537515+.1846e-7*I, -.4873388018-.1924453285e-8*I], [-1.088753492+.7653211121e-9*I, -.1092886051-.4497e-8*I, .3010323920+.1198228033e-7*I]]],
 
[[[1, 2, 6], [2, 1, 7], [1, 5, 7], [1, 3, 5], [3, 1, 4], [4, 1, 8], [1, 6, 10], [6, 8, 10], [6, 4, 8], [2, 4, 6], [2, 3, 4], [3, 2, 5], [5, 2, 9], [2, 7, 9], [9, 7, 12], [7, 11, 12], [7, 5, 11], [5, 9, 11], [12, 9, 18], [9, 13, 18], [13, 1, 18], [1, 13, 17], [10, 1, 17], [8, 10, 17], [15, 8, 17], [1, 8, 15], [14, 1, 15], [1, 14, 16], [1, 16, 18], [16, 11, 18], [11, 12, 18], [9, 11, 16], [13, 9, 16], [14, 13, 16], [13, 14, 15], [13, 15, 17]],[[.5000000000, 0., 0.], [-.5000000000, 0., 0.], [-.3985574273+.28e-9*I, -.3019138487-.1267e-7*I, .9083827178-.2536866600e-9*I], [.3985574273-.3e-9*I, .3019138486+.1251e-7*I, .9083827178-.2536866600e-9*I], [.3985574273-.3e-9*I, -.7856075041+.8e-9*I, .5469295959-.27e-8*I], [-.3985574273+.28e-9*I, .7856074864+.3290e-7*I, .5469295959-.27e-8*I], [-.3985574273+.28e-9*I, -.9567013208+.12e-8*I, -.32151416e-1+.11e-7*I], [.1566755394-.5e-9*I, .9107770708-.92e-9*I, -.229376181-.12e-7*I], [-.1566755394+.5030217307e-9*I, -.1010104786-.20e-9*I, .933769358+.11e-7*I], [-.4135441180-.9e-9*I, -.1696440714+.23e-9*I, .2515149439-.8199559340e-8*I], [-.8953788202-.9e-10*I, -.7540968930+.9e-9*I, .7670492399+.8373761976e-8*I], [-.1858813261+.1093224778e-8*I, .2035437024e-1-.38e-9*I, -.207039756e-1+.6755548674e-8*I], [-.4320779528+.6229938138e-10*I, .2102990813+.884e-8*I, -.6327369610+0.*I], [-.1090968791+.2073247237e-8*I, -.8819709428e-1-.3683e-8*I, .2653628397-.35e-9*I], [-1.047799382+.4440186056e-9*I, -.1554293340-.639e-8*I, .4676477142+.3e-9*I], [-1.125012126+.9208334353e-9*I, .6456675837+.272e-7*I, -.1258856786-.23e-9*I], [-1.125012126+.9208334353e-9*I, -.4418537516-.185e-7*I, -.4873388018-.1924453285e-8*I], [-1.088753492+.7653211121e-9*I, .1092886051+.441e-8*I, .301032389+.5e-8*I]]],
 
[[[1, 2, 6], [2, 1, 7], [1, 5, 7], [1, 3, 5], [3, 1, 4], [4, 1, 8], [1, 6, 10], [6, 8, 10], [6, 4, 8], [2, 4, 6], [2, 3, 4], [3, 2, 5], [5, 2, 9], [2, 7, 9], [9, 7, 12], [7, 11, 12], [7, 5, 11], [5, 9, 11], [12, 9, 18], [9, 13, 18], [13, 1, 18], [1, 13, 17], [10, 1, 17], [8, 10, 17], [15, 8, 17], [1, 8, 15], [14, 1, 15], [1, 14, 16], [1, 16, 18], [16, 11, 18], [11, 12, 18], [9, 11, 16], [13, 9, 16], [14, 13, 16], [13, 14, 15], [13, 15, 17]],[[.5000000000, 0., 0.], [-.5000000000, 0., 0.], [.2724183999+.4e-9*I, .4192710507+.8e-9*I, 1.541325391+.1003990990e-9*I], [-.2724183998-.37e-9*I, -.4192710516-.29e-9*I, 1.541325391+.1003990990e-9*I], [-.2724183998-.37e-9*I, 1.142267454+.133e-8*I, 1.116555967-.801303540e-9*I], [.2724183999+.4e-9*I, -1.142267454-.133e-8*I, 1.116555967-.801303540e-9*I], [.2724183999+.4e-9*I, 1.550469661+.37e-8*I, .38407815+.1470713926e-7*I], [.8094157893+.3e-9*I, .5183811933+.19e-8*I, .79720936+.14999030e-9*I], [-.8094157901-.3334680184e-9*I, .7852032182+.30e-8*I, -.53639328-.1015680908e-7*I], [1.236542085+.9e-9*I, -.9530912523-.20e-8*I, 1.30277593+.107303984e-8*I], [-1.448557668+.17e-9*I, 1.310894986+.333e-8*I, .24985213e-1-.4156006767e-8*I], [-.2174264509-.6249591434e-9*I, 2.353577374+.44e-8*I, .44858371e-1-.1648786834e-8*I], [.1254935143+.5299e-9*I, .413238355+.16e-8*I, 1.519147964-.10e-8*I], [-.7673937483-.9e-9*I, .295047902+.21e-8*I, 1.084655903-.84e-9*I], [.6415362843+.79e-9*I, .11978599e-1+.1e-8*I, .44035755e-1-.20e-8*I], [.559507762e-1+.9e-9*I, -.781600520+.14e-8*I, .2093288027-.66e-9*I], [.559507762e-1+.9e-9*I, .779937988+.23e-8*I, -.215440621-.3745668008e-8*I], [-1.183922276+.1e-9*I, 1.198441573+.27e-8*I, .982754673-.3585853717e-8*I]]],
 
[[[1, 2, 6], [2, 1, 7], [1, 5, 7], [1, 3, 5], [3, 1, 4], [4, 1, 8], [1, 6, 10], [6, 8, 10], [6, 4, 8], [2, 4, 6], [2, 3, 4], [3, 2, 5], [5, 2, 9], [2, 7, 9], [9, 7, 12], [7, 11, 12], [7, 5, 11], [5, 9, 11], [12, 9, 18], [9, 13, 18], [13, 1, 18], [1, 13, 17], [10, 1, 17], [8, 10, 17], [15, 8, 17], [1, 8, 15], [14, 1, 15], [1, 14, 16], [1, 16, 18], [16, 11, 18], [11, 12, 18], [9, 11, 16], [13, 9, 16], [14, 13, 16], [13, 14, 15], [13, 15, 17]],[[.5000000000, 0., 0.], [-.5000000000, 0., 0.], [.2724183999+.4e-9*I, -.4192710516-.29e-9*I, 1.541325391+.1003990990e-9*I], [-.2724183998-.37e-9*I, .4192710507+.8e-9*I, 1.541325391+.1003990990e-9*I], [-.2724183998-.37e-9*I, -1.142267454-.133e-8*I, 1.116555967-.801303540e-9*I], [.2724183999+.4e-9*I, 1.142267454+.133e-8*I, 1.116555967-.801303540e-9*I], [.2724183999+.4e-9*I, -1.550469660-.43e-8*I, .38407815+.1470713926e-7*I], [.8094157893+.3e-9*I, -.5183811931-.2e-9*I, .79720936+.14999030e-9*I], [-.8094157901-.3334680184e-9*I, -.785203221-.21e-8*I, -.53639328-.1015680908e-7*I], [1.236542085+.9e-9*I, .9530912522+.14e-8*I, 1.30277593+.107303984e-8*I], [-1.448557668+.17e-9*I, -1.310894986-.43e-8*I, .24985213e-1-.4156006767e-8*I], [-.2174264509-.6249591434e-9*I, -2.353577371-.44e-8*I, .44858371e-1-.1648786834e-8*I], [.1254935143+.5299e-9*I, -.413238355-.4e-9*I, 1.519147964-.10e-8*I], [-.7673937483-.9e-9*I, -.295047903-.20e-8*I, 1.084655903-.84e-9*I], [.6415362843+.79e-9*I, -.11978599e-1-.3e-8*I, .44035755e-1-.20e-8*I], [.559507762e-1+.9e-9*I, .7816005189-.9e-9*I, .2093288027-.66e-9*I], [.559507762e-1+.9e-9*I, -.7799379876-.15e-8*I, -.215440621-.3745668008e-8*I], [-1.183922276+.1e-9*I, -1.198441571-.27e-8*I, .982754673-.3585853717e-8*I]]],
 
[[[1, 2, 6], [2, 1, 7], [1, 5, 7], [1, 3, 5], [3, 1, 4], [4, 1, 8], [1, 6, 10], [6, 8, 10], [6, 4, 8], [2, 4, 6], [2, 3, 4], [3, 2, 5], [5, 2, 9], [2, 7, 9], [9, 7, 12], [7, 11, 12], [7, 5, 11], [5, 9, 11], [12, 9, 18], [9, 13, 18], [13, 1, 18], [1, 13, 17], [10, 1, 17], [8, 10, 17], [15, 8, 17], [1, 8, 15], [14, 1, 15], [1, 14, 16], [1, 16, 18], [16, 11, 18], [11, 12, 18], [9, 11, 16], [13, 9, 16], [14, 13, 16], [13, 14, 15], [13, 15, 17]],[[.5000000000, 0., 0.], [-.5000000000, 0., 0.], [-.2048135901+.156e-8*I, .4561264738-.3677e-7*I, -.6133456575+.6721140958e-9*I], [.2048135901-.156e-8*I, -.4561264738+.3677e-7*I, -.6133456575+.6721140958e-9*I], [.2048135901-.156e-8*I, .7186666231-.5732e-7*I, .2603123089+.61e-8*I], [-.2048135901+.156e-8*I, -.7186666231+.5732e-7*I, .2603123089+.61e-8*I], [-.2048135901+.156e-8*I, -.424718121e-1+.24e-8*I, .7631778143-.35e-7*I], [.5717086296-.21e-8*I, -.9751895802+.7755e-7*I, .2094350082+.30e-7*I], [-.5717086296+.21e-8*I, .8831025772-.719e-7*I, .4636675074-.29e-7*I], [.4027493543-.16e-8*I, -.1376376762+.1033e-7*I, .8018587958+.251e-7*I], [-.4515217008e-1+.139e-8*I, .5883803167-.4787e-7*I, 1.261086524-.174e-7*I], [-1.039800450+.40e-8*I, .4603578206-.3743e-7*I, .9866935192-.140e-7*I], [.2905374820+.16603e-8*I, -.8646700152+.699e-7*I, 1.162707340-.316e-8*I], [-.6685236364+.66e-8*I, -.6956726254+.5605e-7*I, .9354593745+.1099e-8*I], [-.6018875819+.335e-8*I, -1.183011526+.953e-7*I, 1.590775854-.64e-8*I], [-.548616816e-1+.523e-8*I, -1.528076855+.12311e-6*I, .8280881355+.487e-9*I], [-.548616816e-1+.523e-8*I, -.3532837588+.2903e-7*I, 1.701746102+.61e-8*I], [-.7811711476+.388e-8*I, .1843256207e-1-.227e-8*I, 1.626374846-.31e-7*I]]],
 
[[[1, 2, 6], [2, 1, 7], [1, 5, 7], [1, 3, 5], [3, 1, 4], [4, 1, 8], [1, 6, 10], [6, 8, 10], [6, 4, 8], [2, 4, 6], [2, 3, 4], [3, 2, 5], [5, 2, 9], [2, 7, 9], [9, 7, 12], [7, 11, 12], [7, 5, 11], [5, 9, 11], [12, 9, 18], [9, 13, 18], [13, 1, 18], [1, 13, 17], [10, 1, 17], [8, 10, 17], [15, 8, 17], [1, 8, 15], [14, 1, 15], [1, 14, 16], [1, 16, 18], [16, 11, 18], [11, 12, 18], [9, 11, 16], [13, 9, 16], [14, 13, 16], [13, 14, 15], [13, 15, 17]],[[.5000000000, 0., 0.], [-.5000000000, 0., 0.], [-.2048135901+.156e-8*I, -.4561264738+.3677e-7*I, -.6133456575+.6721140958e-9*I], [.2048135901-.156e-8*I, .4561264738-.3677e-7*I, -.6133456575+.6721140958e-9*I], [.2048135901-.156e-8*I, -.7186666231+.5732e-7*I, .2603123089+.61e-8*I], [-.2048135901+.156e-8*I, .7186666231-.5732e-7*I, .2603123089+.61e-8*I], [-.2048135901+.156e-8*I, .424718120e-1-.23e-8*I, .7631778143-.35e-7*I], [.5717086296-.21e-8*I, .9751895814-.775e-7*I, .2094350082+.30e-7*I], [-.5717086296+.21e-8*I, -.8831025772+.71878e-7*I, .4636675074-.29e-7*I], [.4027493543-.16e-8*I, .1376376762-.1029e-7*I, .8018587958+.251e-7*I], [-.4515217008e-1+.139e-8*I, -.5883803167+.479e-7*I, 1.261086524-.174e-7*I], [-1.039800450+.40e-8*I, -.4603578206+.3752e-7*I, .9866935192-.140e-7*I], [.2905374820+.16603e-8*I, .8646700152-.6986e-7*I, 1.162707340-.316e-8*I], [-.6685236364+.66e-8*I, .6956726254-.5613e-7*I, .9354593745+.1099e-8*I], [-.6018875819+.335e-8*I, 1.183011525-.9531e-7*I, 1.590775854-.64e-8*I], [-.548616816e-1+.523e-8*I, 1.528076855-.12311e-6*I, .8280881355+.487e-9*I], [-.548616816e-1+.523e-8*I, .3532837587-.2903e-7*I, 1.701746102+.61e-8*I], [-.7811711476+.388e-8*I, -.1843256213e-1+.222e-8*I, 1.626374846-.31e-7*I]]],
 
[[[1, 2, 6], [2, 1, 7], [1, 5, 7], [1, 3, 5], [3, 1, 4], [4, 1, 8], [1, 6, 10], [6, 8, 10], [6, 4, 8], [2, 4, 6], [2, 3, 4], [3, 2, 5], [5, 2, 9], [2, 7, 9], [9, 7, 12], [7, 11, 12], [7, 5, 11], [5, 9, 11], [12, 9, 18], [9, 13, 18], [13, 1, 18], [1, 13, 17], [10, 1, 17], [8, 10, 17], [15, 8, 17], [1, 8, 15], [14, 1, 15], [1, 14, 16], [1, 16, 18], [16, 11, 18], [11, 12, 18], [9, 11, 16], [13, 9, 16], [14, 13, 16], [13, 14, 15], [13, 15, 17]],[[.5000000000, 0., 0.], [-.5000000000, 0., 0.], [-.3985574273+.26e-9*I, .3019138488+.125e-7*I, -.9083827178+.2751369855e-10*I], [.3985574273-.26e-9*I, -.3019138488-.125e-7*I, -.9083827178+.2751369855e-10*I], [.3985574273-.26e-9*I, .7856074864+.328e-7*I, -.5469295968+.31e-8*I], [-.3985574273+.26e-9*I, -.7856074864-.328e-7*I, -.5469295968+.31e-8*I], [-.3985574273+.26e-9*I, .9567012997+.402e-7*I, .32151414e-1-.11e-7*I], [.1566755394-.5e-9*I, -.9107770500-.384e-7*I, .229376181+.12e-7*I], [-.1566755392+.5030217307e-9*I, .1010104763+.457e-8*I, -.933769355-.11e-7*I], [-.4135441183-.9e-9*I, .1696440678+.71e-8*I, -.2515149444+.7e-8*I], [-.8953788202-.10e-9*I, .7540968756+.319e-7*I, -.7670492400-.9e-8*I], [-.1858813261+.1093224778e-8*I, -.2035437019e-1-.68e-9*I, .207039765e-1-.6e-8*I], [-.4320779528+.6229938138e-10*I, -.2102990813-.908e-8*I, .6327369612-.8690581214e-9*I], [-.1090968791+.2073247237e-8*I, .8819709459e-1+.384e-8*I, -.265362841+.9165371599e-10*I], [-1.047799382+.4440186056e-9*I, .1554293341+.642e-8*I, -.4676477133-.3053940633e-8*I], [-1.125012126+.9208334353e-9*I, -.6456675836-.272e-7*I, .125885680-.1055641893e-9*I], [-1.125012126+.9208334353e-9*I, .4418537516+.1860e-7*I, .4873388008+.2024453285e-8*I], [-1.088753492+.7653211121e-9*I, -.1092886050-.4301e-8*I, -.3010323880-.1198228033e-7*I]]],
 
[[[1, 2, 6], [2, 1, 7], [1, 5, 7], [1, 3, 5], [3, 1, 4], [4, 1, 8], [1, 6, 10], [6, 8, 10], [6, 4, 8], [2, 4, 6], [2, 3, 4], [3, 2, 5], [5, 2, 9], [2, 7, 9], [9, 7, 12], [7, 11, 12], [7, 5, 11], [5, 9, 11], [12, 9, 18], [9, 13, 18], [13, 1, 18], [1, 13, 17], [10, 1, 17], [8, 10, 17], [15, 8, 17], [1, 8, 15], [14, 1, 15], [1, 14, 16], [1, 16, 18], [16, 11, 18], [11, 12, 18], [9, 11, 16], [13, 9, 16], [14, 13, 16], [13, 14, 15], [13, 15, 17]],[[.5000000000, 0., 0.], [-.5000000000, 0., 0.], [-.3985574273+.26e-9*I, -.3019138488-.125e-7*I, -.9083827178+.2751369855e-10*I], [.3985574273-.26e-9*I, .3019138488+.125e-7*I, -.9083827178+.2751369855e-10*I], [.3985574273-.26e-9*I, -.7856074864-.328e-7*I, -.5469295968+.31e-8*I], [-.3985574273+.26e-9*I, .7856074864+.328e-7*I, -.5469295968+.31e-8*I], [-.3985574273+.26e-9*I, -.9567012999-.401e-7*I, .32151414e-1-.11e-7*I], [.1566755394-.5e-9*I, .9107770500+.383e-7*I, .229376181+.12e-7*I], [-.1566755392+.5030217307e-9*I, -.1010104763-.462e-8*I, -.933769355-.11e-7*I], [-.4135441183-.9e-9*I, -.1696440677-.731e-8*I, -.2515149444+.7e-8*I], [-.8953788202-.10e-9*I, -.7540968758-.319e-7*I, -.7670492400-.9e-8*I], [-.1858813261+.1093224778e-8*I, .2035437021e-1+.78e-9*I, .207039765e-1-.6e-8*I], [-.4320779528+.6229938138e-10*I, .2102990813+.908e-8*I, .6327369612-.8690581214e-9*I], [-.1090968791+.2073247237e-8*I, -.8819709449e-1-.3683e-8*I, -.265362841+.9165371599e-10*I], [-1.047799382+.4440186056e-9*I, -.1554293341-.6408e-8*I, -.4676477133-.3053940633e-8*I], [-1.125012126+.9208334353e-9*I, .6456675837+.2729e-7*I, .125885680-.1055641893e-9*I], [-1.125012126+.9208334353e-9*I, -.4418537516-.1846e-7*I, .4873388008+.2024453285e-8*I], [-1.088753492+.7653211121e-9*I, .1092886050+.4438e-8*I, -.3010323880-.1198228033e-7*I]]],
 
[[[1, 2, 6], [2, 1, 7], [1, 5, 7], [1, 3, 5], [3, 1, 4], [4, 1, 8], [1, 6, 10], [6, 8, 10], [6, 4, 8], [2, 4, 6], [2, 3, 4], [3, 2, 5], [5, 2, 9], [2, 7, 9], [9, 7, 12], [7, 11, 12], [7, 5, 11], [5, 9, 11], [12, 9, 18], [9, 13, 18], [13, 1, 18], [1, 13, 17], [10, 1, 17], [8, 10, 17], [15, 8, 17], [1, 8, 15], [14, 1, 15], [1, 14, 16], [1, 16, 18], [16, 11, 18], [11, 12, 18], [9, 11, 16], [13, 9, 16], [14, 13, 16], [13, 14, 15], [13, 15, 17]],[[.5000000000, 0., 0.], [-.5000000000, 0., 0.], [.2724183998+.34e-9*I, .4192710520+.69e-9*I, -1.541325391-.1003990990e-9*I], [-.2724183998-.34e-9*I, -.4192710520-.69e-9*I, -1.541325391-.1003990990e-9*I], [-.2724183998-.34e-9*I, 1.142267454+.83e-9*I, -1.116555967+.4202630211e-9*I], [.2724183998+.34e-9*I, -1.142267454-.83e-9*I, -1.116555967+.4202630211e-9*I], [.2724183998+.34e-9*I, 1.550469662+.40e-8*I, -.3840781301-.1054061922e-7*I], [.8094157900+.3e-9*I, .5183811936+0.*I, -.7972093702+.2510611921e-8*I], [-.8094157900-.3334680184e-9*I, .7852032185+.16e-8*I, .5363932890+.9400142423e-8*I], [1.236542085+.9e-9*I, -.9530912532-.18e-8*I, -1.302775932-.1864099959e-8*I], [-1.448557668+.21e-9*I, 1.310894986+.433e-8*I, -.2498521063e-1+.3785690393e-8*I], [-.2174264517-.6249591434e-9*I, 2.353577371+.56e-8*I, -.44858371e-1+.2e-8*I], [.1254935143+.5299e-9*I, .4132383556+.19e-8*I, -1.519147964+.10e-8*I], [-.7673937483-.9e-9*I, .295047901+.14e-8*I, -1.084655902+.8333397873e-9*I], [.6415362843+.79e-9*I, .11978599e-1+.17e-8*I, -.44035755e-1+.20e-8*I], [.559507762e-1+.9e-9*I, -.7816005181+.8e-9*I, -.2093288027+.66e-9*I], [.559507762e-1+.9e-9*I, .7799379884+.24e-8*I, .2154406214+.4413861873e-8*I], [-1.183922276+.1e-9*I, 1.198441572+.23e-8*I, -.9827546802+.1623994184e-8*I]]],
 
[[[1, 2, 6], [2, 1, 7], [1, 5, 7], [1, 3, 5], [3, 1, 4], [4, 1, 8], [1, 6, 10], [6, 8, 10], [6, 4, 8], [2, 4, 6], [2, 3, 4], [3, 2, 5], [5, 2, 9], [2, 7, 9], [9, 7, 12], [7, 11, 12], [7, 5, 11], [5, 9, 11], [12, 9, 18], [9, 13, 18], [13, 1, 18], [1, 13, 17], [10, 1, 17], [8, 10, 17], [15, 8, 17], [1, 8, 15], [14, 1, 15], [1, 14, 16], [1, 16, 18], [16, 11, 18], [11, 12, 18], [9, 11, 16], [13, 9, 16], [14, 13, 16], [13, 14, 15], [13, 15, 17]],[[.5000000000, 0., 0.], [-.5000000000, 0., 0.], [.2724183993-.6e-10*I, -.4192710517-.5e-9*I, -1.541325391-.9199307225e-11*I], [-.2724183993+.6e-10*I, .4192710507+.4e-9*I, -1.541325391-.9199307225e-11*I], [-.2724183993+.6e-10*I, -1.142267456-.2e-8*I, -1.116555967+.4202630211e-9*I], [.2724183993-.6e-10*I, 1.142267456+.2e-8*I, -1.116555967+.4202630211e-9*I], [.2724183993-.6e-10*I, -1.550469659-.5e-8*I, -.384078122+.5e-8*I], [.8094157902-.1e-9*I, -.518381190+.1e-9*I, -.7972093702+.2510611921e-8*I], [-.8094157900-.3334680184e-9*I, -.7852032186+.2e-9*I, .536393286+.2e-8*I], [1.236542084+.2e-9*I, .9530912519-.1e-9*I, -1.302775932-.1864099959e-8*I], [-1.448557669+.2e-10*I, -1.310894986-.15e-8*I, -.24985207e-1+.2e-8*I], [-.2174264517-.6249591434e-9*I, -2.353577369-.120e-8*I, -.44858369e-1+0.*I], [.1254935138+.1377006186e-9*I, -.4132383537+.18e-8*I, -1.519147965+.1864205118e-9*I], [-.7673937483-.8732472374e-9*I, -.2950478995-.4e-9*I, -1.084655902+.2203321393e-9*I], [.6415362839+.1559813944e-9*I, -.11978597e-1-.30e-8*I, -.44035754e-1+.3681388347e-10*I], [.559507748e-1+.2791665647e-9*I, .7816005218-.4e-9*I, -.209328804-.1197785738e-9*I], [.559507748e-1+.2791665647e-9*I, -.7799379862-.19e-8*I, .2154406188+.3e-8*I], [-1.183922276-.1653211121e-9*I, -1.198441571-.51e-9*I, -.982754656+.10e-7*I]]],
 
