[[[1, 2, 8], [2, 1, 9], [1, 7, 9], [1, 5, 7], [1, 3, 5], [3, 1, 4], [4, 1, 6], [6, 1, 10], [1, 8, 10], [10, 8, 12], [2, 6, 8], [2, 4, 6], [2, 3, 4], [3, 2, 5], [5, 2, 7], [7, 2, 11], [2, 9, 11], [7, 9, 13], [13, 9, 14], [8, 13, 14], [13, 8, 18], [6, 13, 18], [13, 6, 16], [15, 13, 16], [13, 15, 17], [7, 13, 17], [14, 7, 17], [15, 14, 17], [14, 15, 16], [6, 14, 16], [6, 8, 14], [11, 7, 14], [9, 11, 14], [12, 6, 18], [10, 6, 12], [8, 12, 18]],[[.5000000000, 0., 0.], [-.5000000000, 0., 0.], [-.85786438e-1, .4925856541, .2040356586], [.85786438e-1, -.4925856541, .2040356586], [.85786438e-1, -.2040356586, -.4925856541], [-.85786438e-1, .2040356586, -.4925856541], [-.85786438e-1, -.2040356586, .4925856541], [.85786438e-1, .2040356586, .4925856541], [.85786438e-1, .4925856541, -.2040356586], [-.21572876, .6966213127, -.495073521e-1], [.21572876, .5275926389, .4575786693], [-.18629150, -.2885499955, .1195213217], [-.47056274, .4080713172, .1690286738], [.18629150, -.2885499955, -.1195213217], [.31623383, .3235569803, .134021689], [-.48275604, -.2535430107, .303050363], [-.48275604, .350069848e-1, -.393570949], [.47056274, .4080713172, -.1690286738]]],
 
[[[1, 2, 8], [2, 1, 9], [1, 7, 9], [1, 5, 7], [1, 3, 5], [3, 1, 4], [4, 1, 6], [6, 1, 10], [10, 1, 12], [1, 11, 12], [1, 8, 11], [8, 10, 11], [8, 6, 10], [2, 6, 8], [2, 4, 6], [2, 3, 4], [3, 2, 5], [5, 2, 7], [9, 2, 13], [13, 2, 18], [11, 13, 18], [11, 12, 13], [12, 10, 13], [13, 10, 17], [15, 13, 17], [14, 13, 15], [13, 14, 16], [7, 13, 16], [7, 9, 13], [2, 7, 16], [14, 2, 16], [2, 14, 15], [2, 15, 17], [2, 17, 18], [17, 10, 18], [10, 11, 18]],[[.5000000000, 0., 0.], [-.5000000000, 0., 0.], [.312035061, .390684170, .6223511224], [-.312035061, -.390684170, .6223511224], [-.312035061, .730299177, -.813520318e-1], [.312035061, -.730299177, -.813520318e-1], [.312035061, .2441523025, -.6930690395], [-.312035061, -.2441523025, -.6930690395], [-.312035061, -.5180617943, -.5211209238], [.375900896, -.1156590791, -.9855061589], [.230243889e-1, .5562244542, -.1959450973], [.716139880, .558728244, -.9167672992], [-.375900896, .527566003, -.8404008117], [-.716139880, 1.009966723, -.364152098], [-1.205809794, .147647466, -.235199104], [-.230243889e-1, .5562244542, .1959450973], [-.716139880, -.111016622, -1.067855253], [-.230243889e-1, -.4182270235, -.4157719104]]],
 
[[[1, 2, 7], [2, 1, 8], [8, 1, 10], [1, 6, 10], [1, 4, 6], [1, 3, 4], [3, 1, 5], [5, 1, 9], [9, 1, 11], [1, 7, 11], [7, 5, 9], [2, 5, 7], [2, 3, 5], [3, 2, 4], [4, 2, 6], [6, 2, 8], [6, 8, 12], [10, 6, 12], [10, 8, 13], [13, 8, 14], [7, 13, 14], [7, 11, 13], [11, 9, 13], [13, 9, 17], [15, 13, 17], [13, 15, 16], [13, 16, 18], [10, 13, 18], [12, 10, 18], [8, 12, 18], [14, 8, 18], [16, 14, 18], [15, 14, 16], [14, 15, 17], [7, 14, 17], [9, 7, 17]],[[.5000000000, 0., 0.], [-.5000000000, 0., 0.], [.118033988, .485868272, .6687403050], [-.118033988, -.485868272, .6687403050], [-.118033988, .7861513772, -.2554360675], [.118033988, -.7861513772, -.2554360675], [.118033988, 0., -.8266084760], [-.118033988, 0., -.8266084760], [.736067977, .7861513772, -.571172410], [.736067977, -.300283105, -.9241763715], [1.118033988, 0., -.8266084760], [.27864046e-1, -.971736544, -1.142344818], [.5000000000, .485868272, -1.495348781], [-.5000000000, .485868272, -1.495348781], [.118033988, 1.272019650, -1.750784848], [-.118033988, .485868272, -2.321957257], [-.118033988, .971736544, -.8266084760], [.118033988, -.300283105, -1.750784848]]],
 
[[[1, 2, 7], [2, 1, 8], [8, 1, 10], [1, 6, 10], [1, 4, 6], [1, 3, 4], [3, 1, 5], [5, 1, 9], [9, 1, 11], [1, 7, 11], [7, 5, 9], [2, 5, 7], [2, 3, 5], [3, 2, 4], [4, 2, 6], [6, 2, 8], [6, 8, 12], [10, 6, 12], [10, 8, 13], [13, 8, 14], [7, 13, 14], [7, 11, 13], [11, 9, 13], [13, 9, 17], [15, 13, 17], [13, 15, 16], [13, 16, 18], [10, 13, 18], [12, 10, 18], [8, 12, 18], [14, 8, 18], [16, 14, 18], [15, 14, 16], [14, 15, 17], [7, 14, 17], [9, 7, 17]],[[.5000000000, 0., 0.], [-.5000000000, 0., 0.], [-.4191844975, .2725515677, .5738508553], [.4191844975, -.2725515677, .5738508553], [.4191844975, .6169920498, .1513604028], [-.4191844975, -.6169920498, .1513604028], [-.4191844975, .5071799192, -.3825672369], [.4191844975, -.5071799192, -.3825672369], [-.15106985e-1, .263592686, -.8155879415], [-.15106985e-1, -.5640647431, .6453648263], [-.65708518e-1, -.2396297146, .1807533664], [.627896650, -.9764366214, 0.], [-.21399274, -.590115405, -.334311561], [-.16265644, .27881463, .157953776], [-.6861203, .5192892e-1, .44886396], [-.25550259, -.83018083, .25794330], [-.82047637, -.40758838, -.429083827], [.29480823, -.26876645e-1, .485671964]]],
 
[[[1, 2, 7], [2, 1, 8], [8, 1, 10], [1, 6, 10], [1, 4, 6], [1, 3, 4], [3, 1, 5], [5, 1, 9], [9, 1, 11], [11, 1, 12], [1, 7, 12], [7, 9, 11], [7, 5, 9], [2, 5, 7], [2, 3, 5], [3, 2, 4], [4, 2, 6], [6, 2, 8], [10, 8, 13], [13, 8, 14], [7, 13, 14], [7, 12, 13], [12, 11, 13], [13, 11, 18], [17, 13, 18], [15, 13, 17], [13, 15, 16], [6, 13, 16], [6, 10, 13], [14, 6, 16], [15, 14, 16], [14, 15, 17], [7, 14, 17], [7, 17, 18], [11, 7, 18], [8, 6, 14]],[[.5000000000, 0., 0.], [-.5000000000, 0., 0.], [.8905181378e-1, .4920058684, .2081495523], [-.8905181375e-1, -.4920058684, .2081495523], [-.8905181375e-1, -.1932383785, -.4980511416], [.8905181378e-1, .1932383785, -.4980511416], [.8905181378e-1, -.2228719097, .4855142867], [-.8905181375e-1, .2228719097, .4855142867], [-.2060092833, -.7042779217, -.7445468563e-1], [-.2060092833, .7074828572, .3192019247e-1], [.4255654947, -.7291616812, -.3084814374], [.4008140708, -.9381092394, .3318331004], [-.2034481240, -.2810732469, -.1189117331], [.4797317689, .3914665207, .1656150592], [-.312814222, .331434268, .1402176249], [.470649618, -.268368769, .3027621685], [.470649618, .303987232e-1, -.4034385254], [.7737224855, -.312811403, .9116037355e-1]]],
 
[[[1, 2, 7], [2, 1, 8], [8, 1, 10], [1, 6, 10], [1, 4, 6], [1, 3, 4], [3, 1, 5], [5, 1, 9], [9, 1, 11], [11, 1, 12], [1, 7, 12], [7, 9, 11], [7, 5, 9], [2, 5, 7], [2, 3, 5], [3, 2, 4], [4, 2, 6], [6, 2, 8], [10, 8, 13], [13, 8, 14], [7, 13, 14], [7, 12, 13], [12, 11, 13], [13, 11, 18], [17, 13, 18], [15, 13, 17], [13, 15, 16], [6, 13, 16], [6, 10, 13], [14, 6, 16], [15, 14, 16], [14, 15, 17], [7, 14, 17], [7, 17, 18], [11, 7, 18], [8, 6, 14]],[[.5000000000, 0., 0.], [-.5000000000, 0., 0.], [-.48518699e-1, .4976403678, .6935476154], [.4851869912e-1, -.4976403678, .6935476154], [.4851869912e-1, .8163938326, -.249309729], [-.48518699e-1, -.8163938326, -.249309729], [-.48518699e-1, .252841763e-1, -.853237916], [.4851869912e-1, -.252841763e-1, -.853237916], [.8078329260, .470765033, -.8268126566], [.8078329260, -.6734711721, -.6720680559], [.7699455664, -.5405151321, -.7533009880], [-.1020464741, -.7484981942, -.278011685], [.29872979e-1, -.9021433591, -1.257292246], [-.801130349, -.5778496687, -.8053330993], [-.90078471, -1.137803009, -1.58572458], [-.497383037, -1.545190518, -.766394043], [-.497383037, -.23115631, -1.709251395], [.5067025743, -.107084636, -1.632145756]]],
 
[[[1, 2, 7], [2, 1, 8], [8, 1, 10], [1, 6, 10], [1, 4, 6], [1, 3, 4], [3, 1, 5], [5, 1, 9], [9, 1, 11], [11, 1, 12], [1, 7, 12], [7, 9, 11], [7, 5, 9], [2, 5, 7], [2, 3, 5], [3, 2, 4], [4, 2, 6], [6, 2, 8], [10, 8, 13], [13, 8, 14], [7, 13, 14], [7, 12, 13], [12, 11, 13], [13, 11, 18], [17, 13, 18], [15, 13, 17], [13, 15, 16], [6, 13, 16], [6, 10, 13], [14, 6, 16], [15, 14, 16], [14, 15, 17], [7, 14, 17], [7, 17, 18], [11, 7, 18], [8, 6, 14]],[[.5000000000, 0., 0.], [-.5000000000, 0., 0.], [-.4191418697, .2726170479, 1.447988902], [.41914187, -.2726170479, 1.447988902], [.41914187, .7805208978, 1.249711493], [-.4191418697, -.7805208978, 1.249711493], [-.4191418697, 1.181545748, .880307466], [.41914187, -1.181545748, .880307466], [.742070060e-1, .7836644572, -.4522942750], [.742070060e-1, .5149928725, .7439640202], [-.4712846436, .2055442891, 1.091736013], [.8807904369, .8916200730, .244973597], [.99557896, .1758017157, .9337606236], [.42329707, .3275306204, 1.739658617], [-.738724764, .1592485044, .8458377], [-.1762624, -.4838310783, .3261393], [-.1762624, .5693070588, .127862830], [.9975040123, 1.111195016, 1.287364405]]],
 
[[[1, 2, 7], [2, 1, 8], [8, 1, 10], [1, 6, 10], [1, 4, 6], [1, 3, 4], [3, 1, 5], [5, 1, 9], [1, 7, 9], [7, 5, 11], [2, 5, 7], [2, 3, 5], [3, 2, 4], [4, 2, 6], [6, 2, 8], [6, 8, 12], [10, 6, 12], [10, 8, 13], [13, 8, 14], [7, 13, 14], [7, 9, 13], [13, 9, 17], [15, 13, 17], [13, 15, 16], [13, 16, 18], [10, 13, 18], [12, 10, 18], [8, 12, 18], [14, 8, 18], [16, 14, 18], [15, 14, 16], [14, 15, 17], [7, 14, 17], [11, 7, 17], [9, 11, 17], [9, 5, 11]],[[.5000000000, 0., 0.], [-.5000000000, 0., 0.], [0., .5000000000, -.2071067810], [0., -.5000000000, -.2071067810], [0., -.2071067810, .5000000000], [0., .2071067810, .5000000000], [0., -.2071067810, -.5000000000], [0., .2071067810, -.5000000000], [-.2071067810, -.7071067810, 0.], [-.2071067810, .7071067810, 0.], [-.2071067810, .2928932190, 0.], [-.2071067810, -.2928932190, 0.], [-.7071067810, 0., -.5000000000], [0., 0., .2071067810], [-.2071067810, .5000000000, -.2928932190], [-.2071067810, -.5000000000, -.2928932190], [-.7071067810, -.2071067810, .2071067810], [-.7071067810, .2071067810, .2071067810]]],
 
[[[1, 2, 7], [2, 1, 8], [8, 1, 10], [1, 6, 10], [1, 4, 6], [1, 3, 4], [3, 1, 5], [5, 1, 9], [1, 7, 9], [7, 5, 11], [2, 5, 7], [2, 3, 5], [3, 2, 4], [4, 2, 6], [6, 2, 8], [6, 8, 12], [10, 6, 12], [10, 8, 13], [13, 8, 14], [7, 13, 14], [7, 9, 13], [13, 9, 17], [15, 13, 17], [13, 15, 16], [13, 16, 18], [10, 13, 18], [12, 10, 18], [8, 12, 18], [14, 8, 18], [16, 14, 18], [15, 14, 16], [14, 15, 17], [7, 14, 17], [11, 7, 17], [9, 11, 17], [9, 5, 11]],[[.5000000000, 0., 0.], [-.5000000000, 0., 0.], [0., .5000000000, .2071067810], [0., -.5000000000, .2071067810], [0., -.2071067810, -.5000000000], [0., .2071067810, -.5000000000], [0., -.2071067810, .5000000000], [0., .2071067810, .5000000000], [-.2071067810, -.7071067810, 0.], [-.2071067810, .7071067810, 0.], [-.2071067810, .2928932190, 0.], [-.2071067810, -.2928932190, 0.], [-.7071067810, 0., .5000000000], [0., 0., -.2071067810], [-.2071067810, .5000000000, .2928932190], [-.2071067810, -.5000000000, .2928932190], [-.7071067810, -.2071067810, -.2071067810], [-.7071067810, .2071067810, -.2071067810]]],
 
[[[1, 2, 7], [2, 1, 8], [8, 1, 10], [1, 6, 10], [1, 4, 6], [1, 3, 4], [3, 1, 5], [5, 1, 9], [1, 7, 9], [7, 5, 11], [2, 5, 7], [2, 3, 5], [3, 2, 4], [4, 2, 6], [6, 2, 8], [6, 8, 12], [10, 6, 12], [10, 8, 13], [13, 8, 14], [7, 13, 14], [7, 9, 13], [13, 9, 17], [15, 13, 17], [13, 15, 16], [13, 16, 18], [10, 13, 18], [12, 10, 18], [8, 12, 18], [14, 8, 18], [16, 14, 18], [15, 14, 16], [14, 15, 17], [7, 14, 17], [11, 7, 17], [9, 11, 17], [9, 5, 11]],[[.5000000000, 0., 0.], [-.5000000000, 0., 0.], [0., .5000000000, 1.207106781], [0., -.5000000000, 1.207106781], [0., 1.207106781, .5000000000], [0., -1.207106781, .5000000000], [0., 1.207106781, -.5000000000], [0., -1.207106781, -.5000000000], [1.207106781, .7071067810, 0.], [1.207106781, -.7071067810, 0.], [1.207106781, 1.707106781, 0.], [1.207106781, -1.707106781, 0.], [.7071067810, 0., .5000000000], [0., 0., 1.207106781], [-.5000000000, .5000000000, 0.], [-.5000000000, -.5000000000, 0.], [.7071067810, 1.207106781, 1.207106781], [.7071067810, -1.207106781, 1.207106781]]],
 
[[[1, 2, 7], [2, 1, 8], [8, 1, 10], [1, 6, 10], [1, 4, 6], [1, 3, 4], [3, 1, 5], [5, 1, 9], [1, 7, 9], [7, 5, 11], [2, 5, 7], [2, 3, 5], [3, 2, 4], [4, 2, 6], [6, 2, 8], [6, 8, 12], [10, 6, 12], [10, 8, 13], [13, 8, 14], [7, 13, 14], [7, 9, 13], [13, 9, 17], [15, 13, 17], [13, 15, 16], [13, 16, 18], [10, 13, 18], [12, 10, 18], [8, 12, 18], [14, 8, 18], [16, 14, 18], [15, 14, 16], [14, 15, 17], [7, 14, 17], [11, 7, 17], [9, 11, 17], [9, 5, 11]],[[.5000000000, 0., 0.], [-.5000000000, 0., 0.], [0., .5000000000, -.2071067810], [0., -.5000000000, -.2071067810], [0., -.2071067810, .5000000000], [0., .2071067810, .5000000000], [0., -.2071067810, -.5000000000], [0., .2071067810, -.5000000000], [-.2071067810, -.7071067810, 0.], [-.2071067810, .7071067810, 0.], [-.2071067810, .2928932190, 0.], [-.2071067810, -.2928932190, 0.], [-.7071067810, 0., .5000000000], [0., 0., -.2071067810], [-.5000000000, .5000000000, 0.], [-.5000000000, -.5000000000, 0.], [-.7071067810, -.2071067810, -.2071067810], [-.7071067810, .2071067810, -.2071067810]]],
 
[[[1, 2, 7], [2, 1, 8], [8, 1, 10], [1, 6, 10], [1, 4, 6], [1, 3, 4], [3, 1, 5], [5, 1, 9], [1, 7, 9], [7, 5, 11], [2, 5, 7], [2, 3, 5], [3, 2, 4], [4, 2, 6], [6, 2, 8], [6, 8, 12], [10, 6, 12], [10, 8, 13], [13, 8, 14], [7, 13, 14], [7, 9, 13], [13, 9, 17], [15, 13, 17], [13, 15, 16], [13, 16, 18], [10, 13, 18], [12, 10, 18], [8, 12, 18], [14, 8, 18], [16, 14, 18], [15, 14, 16], [14, 15, 17], [7, 14, 17], [11, 7, 17], [9, 11, 17], [9, 5, 11]],[[.5000000000, 0., 0.], [-.5000000000, 0., 0.], [0., .5000000000, .2071067810], [0., -.5000000000, .2071067810], [0., -.2071067810, -.5000000000], [0., .2071067810, -.5000000000], [0., -.2071067810, .5000000000], [0., .2071067810, .5000000000], [-.2071067810, -.7071067810, 0.], [-.2071067810, .7071067810, 0.], [-.2071067810, .2928932190, 0.], [-.2071067810, -.2928932190, 0.], [-.7071067810, 0., -.5000000000], [0., 0., .2071067810], [-.5000000000, .5000000000, 0.], [-.5000000000, -.5000000000, 0.], [-.7071067810, -.2071067810, .2071067810], [-.7071067810, .2071067810, .2071067810]]],
 
[[[1, 2, 7], [2, 1, 8], [8, 1, 10], [1, 6, 10], [1, 4, 6], [1, 3, 4], [3, 1, 5], [5, 1, 9], [1, 7, 9], [7, 5, 11], [2, 5, 7], [2, 3, 5], [3, 2, 4], [4, 2, 6], [6, 2, 8], [6, 8, 12], [10, 6, 12], [10, 8, 13], [13, 8, 14], [7, 13, 14], [7, 9, 13], [13, 9, 17], [15, 13, 17], [13, 15, 16], [13, 16, 18], [10, 13, 18], [12, 10, 18], [8, 12, 18], [14, 8, 18], [16, 14, 18], [15, 14, 16], [14, 15, 17], [7, 14, 17], [11, 7, 17], [9, 11, 17], [9, 5, 11]],[[.5000000000, 0., 0.], [-.5000000000, 0., 0.], [0., .5000000000, -1.207106781], [0., -.5000000000, -1.207106781], [0., 1.207106781, -.5000000000], [0., -1.207106781, -.5000000000], [0., 1.207106781, .5000000000], [0., -1.207106781, .5000000000], [1.207106781, .7071067810, 0.], [1.207106781, -.7071067810, 0.], [1.207106781, 1.707106781, 0.], [1.207106781, -1.707106781, 0.], [.7071067810, 0., -.5000000000], [0., 0., -1.207106781], [-.5000000000, .5000000000, 0.], [-.5000000000, -.5000000000, 0.], [.7071067810, 1.207106781, -1.207106781], [.7071067810, -1.207106781, -1.207106781]]],
 
[[[1, 2, 7], [2, 1, 8], [8, 1, 10], [1, 6, 10], [1, 4, 6], [1, 3, 4], [3, 1, 5], [5, 1, 9], [1, 7, 9], [7, 5, 11], [2, 5, 7], [2, 3, 5], [3, 2, 4], [4, 2, 6], [6, 2, 8], [6, 8, 12], [10, 6, 12], [10, 8, 13], [13, 8, 14], [7, 13, 14], [7, 9, 13], [13, 9, 17], [15, 13, 17], [13, 15, 16], [13, 16, 18], [10, 13, 18], [12, 10, 18], [8, 12, 18], [14, 8, 18], [16, 14, 18], [15, 14, 16], [14, 15, 17], [7, 14, 17], [11, 7, 17], [9, 11, 17], [9, 5, 11]],[[.5000000000, 0., 0.], [-.5000000000, 0., 0.], [0., .5000000000, .3406250196], [0., -.5000000000, .3406250196], [0., .1339745960, -.5899798405], [0., -.1339745960, -.5899798405], [0., -.598076212, .912701988e-1], [0., .598076212, .912701988e-1], [.1339745960, -.6339745960, -.6812500393], [.1339745960, .6339745960, -.6812500393], [-.598076212, -.169872980, -.182540398], [-.598076212, .169872980, -.182540398], [-.3660254040, 0., -1.271229880], [-.732050808, 0., -.3406250196], [-.8660254040, .5000000000, -.9306048601], [-.8660254040, -.5000000000, -.9306048601], [-.6339745960, -.598076212, -.8393346614], [-.6339745960, .598076212, -.8393346614]]],
 
[[[1, 2, 7], [2, 1, 8], [8, 1, 10], [1, 6, 10], [1, 4, 6], [1, 3, 4], [3, 1, 5], [5, 1, 9], [1, 7, 9], [9, 7, 11], [5, 9, 11], [5, 11, 12], [7, 5, 12], [2, 5, 7], [2, 3, 5], [3, 2, 4], [4, 2, 6], [6, 2, 8], [10, 8, 13], [13, 8, 14], [7, 13, 14], [13, 7, 18], [17, 13, 18], [15, 13, 17], [13, 15, 16], [6, 13, 16], [6, 10, 13], [14, 6, 16], [15, 14, 16], [14, 15, 17], [7, 14, 17], [12, 7, 17], [7, 11, 18], [11, 17, 18], [11, 12, 17], [8, 6, 14]],[[.5000000000, 0., 0.], [-.5000000000, 0., 0.], [-.3346811598+.4e-10*I, -.3714680625+.24e-9*I, .2429024732+.1401423804e-8*I], [.3346811598-.4e-10*I, .3714680625-.24e-9*I, .2429024732+.1401423804e-8*I], [.3346811598-.4e-10*I, -.735738054e-1+.63e-9*I, -.4376951328-.265e-8*I], [-.3346811598+.4e-10*I, .735738054e-1-.63e-9*I, -.4376951328-.265e-8*I], [-.3346811598+.4e-10*I, .4304696740+.6e-9*I, .1081017704+.3e-9*I], [.3346811598-.4e-10*I, -.4304696740-.6e-9*I, .1081017704+.3e-9*I], [-.1693623196+0.*I, .7021057422-.3e-9*I, -.2429024732-.1401423804e-8*I], [-.1693623196+0.*I, -.2978942572-.3e-9*I, -.6805976060-.405e-8*I], [-.957885143e-1-.5e-9*I, -.2651508341-.6e-9*I, -.4858049464-.2802847609e-8*I], [-.222147090e-1-.11e-8*I, .212634458-.25e-8*I, .3895853190+.25e-8*I], [-.957885143e-1-.5e-9*I, -.4632130974-.29e-9*I, .3028944300+.16e-8*I], [-.222147090e-1-.11e-8*I, .3714680625-.24e-9*I, -.2429024732-.1401423804e-8*I], [.4082549651-.54e-9*I, .2061492220-.19e-9*I, -.1348007028-.11e-8*I], [-.2611073545-.6e-9*I, -.917450349e-1-.5e-9*I, .5457969031+.30e-8*I], [-.2611073545-.6e-9*I, -.5367869026+.29e-9*I, -.1348007028-.11e-8*I], [-.7651508340-.6e-9*I, .2388926455-.6e-9*I, .5999195671e-1+.2e-9*I]]],
 
[[[1, 2, 7], [2, 1, 8], [8, 1, 10], [1, 6, 10], [1, 4, 6], [1, 3, 4], [3, 1, 5], [5, 1, 9], [1, 7, 9], [9, 7, 11], [5, 9, 11], [5, 11, 12], [7, 5, 12], [2, 5, 7], [2, 3, 5], [3, 2, 4], [4, 2, 6], [6, 2, 8], [10, 8, 13], [13, 8, 14], [7, 13, 14], [13, 7, 18], [17, 13, 18], [15, 13, 17], [13, 15, 16], [6, 13, 16], [6, 10, 13], [14, 6, 16], [15, 14, 16], [14, 15, 17], [7, 14, 17], [12, 7, 17], [7, 11, 18], [11, 17, 18], [11, 12, 17], [8, 6, 14]],[[.5000000000, 0., 0.], [-.5000000000, 0., 0.], [.1086041539+.19e-9*I, .4880626374+.1e-9*I, .6489739152-.7868019811e-9*I], [-.1086041539-.19e-9*I, -.4880626374-.1e-9*I, .6489739152-.7868019811e-9*I], [-.1086041539-.19e-9*I, .7589169668-.3e-9*I, -.2888205634+.11e-8*I], [.1086041539+.19e-9*I, -.7589169668+.3e-9*I, -.2888205634+.11e-8*I], [.1086041539+.19e-9*I, -.668954950e-1-.8e-9*I, -.8092572360+.12e-8*I], [-.1086041539-.19e-9*I, .668954950e-1+.8e-9*I, -.8092572360+.12e-8*I], [.7172083077+.27e-9*I, .7291456703+.34e-9*I, -.6489739152+.7868019811e-9*I], [.7172083077+.27e-9*I, -.2708543295+.34e-9*I, -.9377944786+.18e-8*I], [-.417086591e-1+.106e-8*I, .6754996487+.66e-9*I, -1.297947830+.1573603962e-8*I], [-.8006256258+.14e-8*I, .3748740223+.20e-8*I, -.7203067041+0.*I], [-.417086591e-1+.106e-8*I, -.8794584834+.25e-9*I, -1.169410588+.110e-8*I], [-.8006256258+.14e-8*I, -.4880626374-.1e-9*I, -.6489739152+.7868019811e-9*I], [-.8675211207+.2e-9*I, -1.096666791-.1e-9*I, -1.458231151+.20e-8*I], [-.6503128128+.50e-9*I, -1.367521120+.2e-9*I, -.5204366730+.3e-9*I], [-.6503128128+.50e-9*I, -.1205415166-.24e-9*I, -1.458231151+.20e-8*I], [.1754996488+.66e-9*I, -.1503128128+.50e-9*I, -1.818384503+.180e-8*I]]],
 
[[[1, 2, 7], [2, 1, 8], [8, 1, 10], [1, 6, 10], [1, 4, 6], [1, 3, 4], [3, 1, 5], [5, 1, 9], [1, 7, 9], [9, 7, 11], [5, 9, 11], [5, 11, 12], [7, 5, 12], [2, 5, 7], [2, 3, 5], [3, 2, 4], [4, 2, 6], [6, 2, 8], [10, 8, 13], [13, 8, 14], [7, 13, 14], [13, 7, 18], [17, 13, 18], [15, 13, 17], [13, 15, 16], [6, 13, 16], [6, 10, 13], [14, 6, 16], [15, 14, 16], [14, 15, 17], [7, 14, 17], [12, 7, 17], [7, 11, 18], [11, 17, 18], [11, 12, 17], [8, 6, 14]],[[.5000000000, 0., 0.], [-.5000000000, 0., 0.], [.5090121491e-1-.2e-9*I, .4974023166+.1015016539e-7*I, .1810396377+.3672234176e-8*I], [-.5090121491e-1+.2e-9*I, -.4974023166-.1015016539e-7*I, .1810396377+.3672234176e-8*I], [-.5090121491e-1+.2e-9*I, -.2646622447-.5320165390e-8*I, -.4584084547-.92e-8*I], [.5090121491e-1-.2e-9*I, .2646622447+.5320165390e-8*I, -.4584084547-.92e-8*I], [.5090121491e-1-.2e-9*I, -.919162328e-1-.1879834610e-8*I, .5212828608+.1061e-7*I], [-.5090121491e-1+.2e-9*I, .919162328e-1+.1879834610e-8*I, .5212828608+.1061e-7*I], [-.2684690965+.3e-9*I, -.6338477728-.1276049617e-7*I, .8770544865e-1+.18e-8*I], [-.2684690965+.3e-9*I, .6256191050+.128e-7*I, .1343725432+.280e-8*I], [-.8625682720e-1-.1e-9*I, .3454920236+.6880661562e-8*I, 0.], [.3981975702+.3e-9*I, -.5293244893-.1064033078e-7*I, 0.], [-.8625682720e-1-.1e-9*I, -.3246563049-.66e-8*I, -.1181652313-.23e-8*I], [.3981975702+.3e-9*I, .4974023166+.1015016539e-7*I, .1810396377+.3672234176e-8*I], [-.3317507539-.1e-8*I, .2854979633+.562099234e-8*I, .1039127605+.24e-8*I], [.5353556129+.2e-9*I, -.1727460118-.3460330781e-8*I, .2992048690+.59e-8*I], [.5353556129+.2e-9*I, .599940602e-1+.1359669219e-8*I, -.3402432231-.695e-8*I], [.7808495380+.1e-8*I, -.527578913e-1-.92099234e-9*I, .2992048690+.59e-8*I]]],
 
[[[1, 2, 7], [2, 1, 8], [8, 1, 10], [1, 6, 10], [1, 4, 6], [1, 3, 4], [3, 1, 5], [5, 1, 9], [1, 7, 9], [9, 7, 11], [5, 9, 11], [5, 11, 12], [7, 5, 12], [2, 5, 7], [2, 3, 5], [3, 2, 4], [4, 2, 6], [6, 2, 8], [10, 8, 13], [13, 8, 14], [7, 13, 14], [13, 7, 18], [17, 13, 18], [15, 13, 17], [13, 15, 16], [6, 13, 16], [6, 10, 13], [14, 6, 16], [15, 14, 16], [14, 15, 17], [7, 14, 17], [12, 7, 17], [7, 11, 18], [11, 17, 18], [11, 12, 17], [8, 6, 14]],[[.5000000000, 0., 0.], [-.5000000000, 0., 0.], [-.3440296288+.1e-9*I, .3628272526-.1e-8*I, 2.057695596-.1682758074e-10*I], [.3440296288-.1e-9*I, -.3628272526+.1e-8*I, 2.057695596-.1682758074e-10*I], [.3440296288-.1e-9*I, 1.044719432+.2e-9*I, 1.809507138+.2e-9*I], [-.3440296288+.1e-9*I, -1.044719432-.2e-9*I, 1.809507138+.2e-9*I], [-.3440296288+.1e-9*I, 1.600603034+.1e-8*I, 1.343065415-.2e-8*I], [.3440296288-.1e-9*I, -1.600603034-.1e-8*I, 1.343065415-.2e-8*I], [.5213925908-.4e-9*I, .9014277588+.6e-9*I, -.4324006811-.2e-8*I], [.5213925908-.4e-9*I, .5823628308-.1e-8*I, .8126474576+.1e-8*I], [1.398197571+.3e-9*I, 1.111767203+0.*I, 0.], [1.188059258-.4e-9*I, 2.089438866+.6e-9*I, 0.], [1.398197571+.3e-9*I, .1930563491+.104e-8*I, 1.094876958-.1233172419e-8*I], [1.188059258-.4e-9*I, .3628272526-.1e-8*I, 2.057695596-.1682758074e-10*I], [-.8219505734+.1e-8*I, .2601041206+.1e-8*I, 1.475123735-.21e-8*I], [-.5541679414-.5e-9*I, -.5558836014-.5e-9*I, .962818637+.165e-8*I], [-.5541679414-.5e-9*I, .8516630847-.1e-8*I, .7146301811+.2e-8*I], [1.665980202-.1e-8*I, 1.147442566-.10e-8*I, .962818637+.165e-8*I]]],
 
[[[1, 2, 7], [2, 1, 8], [8, 1, 10], [1, 6, 10], [1, 4, 6], [1, 3, 4], [3, 1, 5], [5, 1, 9], [1, 7, 9], [9, 7, 12], [7, 5, 11], [2, 5, 7], [2, 3, 5], [3, 2, 4], [4, 2, 6], [6, 2, 8], [10, 8, 13], [13, 8, 14], [7, 13, 14], [13, 7, 18], [17, 13, 18], [15, 13, 17], [13, 15, 16], [6, 13, 16], [6, 10, 13], [14, 6, 16], [15, 14, 16], [14, 15, 17], [7, 14, 17], [11, 7, 17], [11, 17, 18], [12, 11, 18], [9, 11, 12], [9, 5, 11], [7, 12, 18], [8, 6, 14]],[[.5000000000, 0., 0.], [-.5000000000, 0., 0.], [-.3346811598+.4e-10*I, -.3714680625+.24e-9*I, .2429024732+.1401423804e-8*I], [.3346811598-.4e-10*I, .3714680625-.24e-9*I, .2429024732+.1401423804e-8*I], [.3346811598-.4e-10*I, -.735738054e-1+.6e-9*I, -.4376951328-.265e-8*I], [-.3346811598+.4e-10*I, .735738054e-1-.6e-9*I, -.4376951328-.265e-8*I], [-.3346811598+.4e-10*I, .4304696740+.6e-9*I, .1081017704+.3e-9*I], [.3346811598-.4e-10*I, -.4304696740-.6e-9*I, .1081017704+.3e-9*I], [-.1693623196-.5e-10*I, .7021057426-.3e-9*I, -.2429024732-.1401423804e-8*I], [-.1693623196-.5e-10*I, -.2978942572-.3e-9*I, -.6805976060-.405e-8*I], [-.957885143e-1-.5e-9*I, -.2651508341-.6e-9*I, -.4858049464-.2802847609e-8*I], [-.4082549651+.5e-9*I, -.473156167e-1+.1e-8*I, -.7672884952-.50e-8*I], [-.957885143e-1-.5e-9*I, -.4632130974-.29e-9*I, .3028944300+.16e-8*I], [-.222147089e-1-.13e-8*I, .3714680625-.24e-9*I, -.2429024732-.1401423804e-8*I], [.4082549651-.5e-9*I, .2061492220-.19e-9*I, -.1348007028-.11e-8*I], [-.2611073545-.6e-9*I, -.917450349e-1-.5e-9*I, .5457969031+.30e-8*I], [-.2611073545-.6e-9*I, -.5367869026+.3e-9*I, -.1348007028-.11e-8*I], [-.7651508340-.6e-9*I, .2388926455-.6e-9*I, .5999195671e-1+.2e-9*I]]],
 
[[[1, 2, 7], [2, 1, 8], [8, 1, 10], [1, 6, 10], [1, 4, 6], [1, 3, 4], [3, 1, 5], [5, 1, 9], [1, 7, 9], [9, 7, 12], [7, 5, 11], [2, 5, 7], [2, 3, 5], [3, 2, 4], [4, 2, 6], [6, 2, 8], [10, 8, 13], [13, 8, 14], [7, 13, 14], [13, 7, 18], [17, 13, 18], [15, 13, 17], [13, 15, 16], [6, 13, 16], [6, 10, 13], [14, 6, 16], [15, 14, 16], [14, 15, 17], [7, 14, 17], [11, 7, 17], [11, 17, 18], [12, 11, 18], [9, 11, 12], [9, 5, 11], [7, 12, 18], [8, 6, 14]],[[.5000000000, 0., 0.], [-.5000000000, 0., 0.], [.1086041539+.19e-9*I, .4880626374+.1e-9*I, .6489739152-.7868019811e-9*I], [-.1086041539-.19e-9*I, -.4880626374-.1e-9*I, .6489739152-.7868019811e-9*I], [-.1086041539-.19e-9*I, .7589169668-.3e-9*I, -.2888205634+.11e-8*I], [.1086041539+.19e-9*I, -.7589169668+.3e-9*I, -.2888205634+.11e-8*I], [.1086041539+.19e-9*I, -.668954950e-1-.8e-9*I, -.8092572360+.12e-8*I], [-.1086041539-.19e-9*I, .668954950e-1+.8e-9*I, -.8092572360+.12e-8*I], [.7172083077+.27e-9*I, .7291456703+.34e-9*I, -.6489739152+.7868019811e-9*I], [.7172083077+.27e-9*I, -.2708543295+.34e-9*I, -.9377944786+.18e-8*I], [-.417086591e-1+.106e-8*I, .6754996487+.66e-9*I, -1.297947830+.1573603962e-8*I], [.8675211207-.2e-9*I, .2337301311-.21e-8*I, -1.386898363+.2e-8*I], [-.417086591e-1+.106e-8*I, -.8794584834+.3e-9*I, -1.169410588+.110e-8*I], [-.8006256258+.1e-8*I, -.4880626374-.1e-9*I, -.6489739152+.7868019811e-9*I], [-.8675211207+.2e-9*I, -1.096666791-.1e-9*I, -1.458231151+.20e-8*I], [-.6503128128+.50e-9*I, -1.367521120+.2e-9*I, -.5204366730+.3e-9*I], [-.6503128128+.50e-9*I, -.1205415166-.24e-9*I, -1.458231151+.20e-8*I], [.1754996488+.66e-9*I, -.1503128128+.50e-9*I, -1.818384503+.180e-8*I]]],
 
[[[1, 2, 7], [2, 1, 8], [1, 6, 8], [1, 4, 6], [1, 3, 4], [3, 1, 5], [5, 1, 11], [1, 9, 11], [1, 7, 9], [7, 5, 9], [2, 5, 7], [2, 3, 5], [3, 2, 4], [4, 2, 6], [6, 2, 12], [2, 10, 12], [2, 8, 10], [8, 6, 10], [12, 6, 14], [14, 6, 16], [6, 13, 16], [13, 6, 18], [14, 13, 18], [13, 14, 17], [9, 13, 17], [9, 11, 13], [11, 5, 13], [13, 5, 15], [13, 15, 16], [15, 14, 16], [5, 14, 15], [14, 5, 17], [5, 9, 17], [10, 14, 18], [10, 12, 14], [6, 10, 18]],[[.5000000000, 0., 0.], [-.5000000000, 0., 0.], [.2236067977, .4472135954, 1.376381920], [-.2236067977, -.4472135954, 1.376381920], [-.2236067977, 1.170820393, .8506508078], [.2236067977, -1.170820393, .8506508078], [.2236067977, 1.447213595, 0.], [-.2236067977, -1.447213595, 0.], [.9472135954, .2763932023, .8506508078], [-.9472135954, -.2763932023, .8506508078], [-.6708203931, .2763932023, .8506508078], [.6708203931, -.2763932023, .8506508078], [.5000000000, 0., 1.701301616], [-.5000000000, 0., 1.701301616], [.2236067977, .4472135954, .324919695], [-.2236067977, -.4472135954, .324919695], [.2236067977, 1.447213595, 1.701301616], [-.2236067977, -1.447213595, 1.701301616]]],
 
[[[1, 2, 7], [2, 1, 8], [1, 6, 8], [1, 4, 6], [1, 3, 4], [3, 1, 5], [5, 1, 11], [1, 9, 11], [1, 7, 9], [7, 5, 9], [2, 5, 7], [2, 3, 5], [3, 2, 4], [4, 2, 6], [6, 2, 12], [2, 10, 12], [2, 8, 10], [8, 6, 10], [12, 6, 14], [14, 6, 16], [6, 13, 16], [13, 6, 18], [14, 13, 18], [13, 14, 17], [9, 13, 17], [9, 11, 13], [11, 5, 13], [13, 5, 15], [13, 15, 16], [15, 14, 16], [5, 14, 15], [14, 5, 17], [5, 9, 17], [10, 14, 18], [10, 12, 14], [6, 10, 18]],[[.5000000000, 0., 0.], [-.5000000000, 0., 0.], [-.2236067977, -.4472135954, .3249196966], [.2236067977, .4472135954, .3249196966], [.2236067977, -.1708203931, -.5257311126], [-.2236067977, .1708203931, -.5257311126], [-.2236067977, .5527864046, 0.], [.2236067977, -.5527864046, 0.], [.527864046e-1, .7236067977, -.5257311126], [-.527864046e-1, -.7236067977, -.5257311126], [.6708203931, .7236067977, -.5257311126], [-.6708203931, -.7236067977, -.5257311126], [.5000000000, 0., -1.051462225], [-.5000000000, 0., -1.051462225], [-.2236067977, -.4472135954, -1.376381922], [.2236067977, .4472135954, -1.376381922], [-.2236067977, .5527864046, -1.051462225], [.2236067977, -.5527864046, -1.051462225]]],
 
[[[1, 2, 7], [2, 1, 8], [1, 6, 8], [1, 4, 6], [1, 3, 4], [3, 1, 5], [5, 1, 11], [1, 9, 11], [1, 7, 9], [7, 5, 9], [2, 5, 7], [2, 3, 5], [3, 2, 4], [4, 2, 6], [6, 2, 12], [2, 10, 12], [2, 8, 10], [8, 6, 10], [12, 6, 14], [14, 6, 16], [6, 13, 16], [13, 6, 18], [14, 13, 18], [13, 14, 17], [9, 13, 17], [9, 11, 13], [11, 5, 13], [13, 5, 15], [13, 15, 16], [15, 14, 16], [5, 14, 15], [14, 5, 17], [5, 9, 17], [10, 14, 18], [10, 12, 14], [6, 10, 18]],[[.5000000000, 0., 0.], [-.5000000000, 0., 0.], [-.2236067977, .4472135954, .3249196966], [.2236067977, -.4472135954, .3249196966], [.2236067977, .1708203931, -.5257311126], [-.2236067977, -.1708203931, -.5257311126], [-.2236067977, -.5527864046, 0.], [.2236067977, .5527864046, 0.], [.527864046e-1, -.7236067977, -.5257311126], [-.527864046e-1, .7236067977, -.5257311126], [.6708203931, -.7236067977, -.5257311126], [-.6708203931, .7236067977, -.5257311126], [.5000000000, 0., -1.051462225], [-.5000000000, 0., -1.051462225], [-.2236067977, .4472135954, -1.376381922], [.2236067977, -.4472135954, -1.376381922], [-.2236067977, -.5527864046, -1.051462225], [.2236067977, .5527864046, -1.051462225]]],
 
[[[1, 2, 7], [2, 1, 8], [1, 6, 8], [1, 4, 6], [1, 3, 4], [3, 1, 5], [5, 1, 11], [1, 9, 11], [1, 7, 9], [7, 5, 9], [2, 5, 7], [2, 3, 5], [3, 2, 4], [4, 2, 6], [6, 2, 12], [2, 10, 12], [2, 8, 10], [8, 6, 10], [12, 6, 14], [14, 6, 16], [6, 13, 16], [13, 6, 18], [14, 13, 18], [13, 14, 17], [9, 13, 17], [9, 11, 13], [11, 5, 13], [13, 5, 15], [13, 15, 16], [15, 14, 16], [5, 14, 15], [14, 5, 17], [5, 9, 17], [10, 14, 18], [10, 12, 14], [6, 10, 18]],[[.5000000000, 0., 0.], [-.5000000000, 0., 0.], [.2236067977, -.4472135954, 1.376381920], [-.2236067977, .4472135954, 1.376381920], [-.2236067977, -1.170820393, .8506508078], [.2236067977, 1.170820393, .8506508078], [.2236067977, -1.447213595, 0.], [-.2236067977, 1.447213595, 0.], [.9472135954, -.2763932023, .8506508078], [-.9472135954, .2763932023, .8506508078], [-.6708203931, -.2763932023, .8506508078], [.6708203931, .2763932023, .8506508078], [.5000000000, 0., 1.701301616], [-.5000000000, 0., 1.701301616], [.2236067977, -.4472135954, .324919695], [-.2236067977, .4472135954, .324919695], [.2236067977, -1.447213595, 1.701301616], [-.2236067977, 1.447213595, 1.701301616]]],
 
[[[1, 2, 7], [2, 1, 8], [1, 6, 8], [1, 4, 6], [1, 3, 4], [3, 1, 5], [5, 1, 11], [1, 9, 11], [1, 7, 9], [7, 5, 9], [2, 5, 7], [2, 3, 5], [3, 2, 4], [4, 2, 6], [6, 2, 12], [2, 10, 12], [2, 8, 10], [8, 6, 10], [12, 6, 14], [14, 6, 16], [6, 13, 16], [13, 6, 18], [14, 13, 18], [13, 14, 17], [9, 13, 17], [9, 11, 13], [11, 5, 13], [13, 5, 15], [13, 15, 16], [15, 14, 16], [5, 14, 15], [14, 5, 17], [5, 9, 17], [10, 14, 18], [10, 12, 14], [6, 10, 18]],[[.5000000000, 0., 0.], [-.5000000000, 0., 0.], [.4617143243, .191885077, .4727686737], [-.4617143243, -.191885077, .4727686737], [-.4617143243, .467097887, .2053038367], [.4617143243, -.467097887, .2053038367], [.4617143243, .478054059, -.1783098913], [-.4617143243, -.478054059, -.1783098913], [-.2471020076, .249983202, .6159115102], [.2471020076, -.249983202, .6159115102], [.132244981, -.13378696, -.3296258370], [-.132244981, .13378696, -.3296258370], [-.57959847e-2, -.49996640, 0.], [.57959847e-2, .49996640, 0.], [-.197224362, -.45945897, .4727686737], [.197224362, .45945897, .4727686737], [-.4833741183, -.456141712, -.1783098913], [.4833741183, .456141712, -.1783098913]]],
 
[[[1, 2, 7], [2, 1, 8], [1, 6, 8], [1, 4, 6], [1, 3, 4], [3, 1, 5], [5, 1, 11], [1, 9, 11], [1, 7, 9], [7, 5, 9], [2, 5, 7], [2, 3, 5], [3, 2, 4], [4, 2, 6], [6, 2, 10], [10, 2, 12], [2, 8, 12], [8, 6, 10], [8, 10, 17], [13, 8, 17], [8, 13, 14], [14, 13, 18], [13, 9, 18], [11, 9, 13], [5, 11, 13], [5, 13, 15], [15, 13, 16], [16, 13, 17], [14, 16, 17], [14, 15, 16], [14, 5, 15], [5, 14, 18], [9, 5, 18], [10, 14, 17], [10, 12, 14], [12, 8, 14]],[[.5000000000, 0., 0.], [-.5000000000, 0., 0.], [.232050808, .442890982, 1.652891650], [-.232050808, -.442890982, 1.652891650], [-.232050808, 1.210000668, 1.210000668], [.232050808, -1.210000668, 1.210000668], [.232050808, 1.652891650, .442890982], [-.232050808, -1.652891650, .442890982], [.964101616, 0., .885781964], [-.964101616, 0., .885781964], [-.839745960, .442890982, 1.00445424], [-1.232050808, -1.652891650, .442890982], [.5000000000, -.442890982, 1.652891650], [-.5000000000, -.442890982, 1.652891650], [.232050808, .767109686, .442890982], [-.232050808, 0., 0.], [.232050808, -.885781964, 0.], [.232050808, 1.210000668, 2.095782632]]],
 
[[[1, 2, 7], [2, 1, 8], [1, 6, 8], [1, 4, 6], [1, 3, 4], [3, 1, 5], [5, 1, 11], [1, 9, 11], [1, 7, 9], [7, 5, 9], [2, 5, 7], [2, 3, 5], [3, 2, 4], [4, 2, 6], [6, 2, 10], [2, 8, 10], [10, 8, 12], [8, 6, 12], [10, 6, 14], [14, 6, 16], [6, 13, 16], [13, 6, 18], [14, 13, 18], [13, 14, 17], [9, 13, 17], [9, 11, 13], [11, 5, 13], [13, 5, 15], [13, 15, 16], [15, 14, 16], [5, 14, 15], [14, 5, 17], [5, 9, 17], [10, 14, 18], [12, 10, 18], [6, 12, 18]],[[.5000000000, 0., 0.], [-.5000000000, 0., 0.], [.2236067977, .4472135954, 1.376381920], [-.2236067977, -.4472135954, 1.376381920], [-.2236067977, 1.170820393, .8506508078], [.2236067977, -1.170820393, .8506508078], [.2236067977, 1.447213595, 0.], [-.2236067977, -1.447213595, 0.], [.9472135954, .2763932023, .8506508078], [-.9472135954, -.2763932023, .8506508078], [-.6708203931, .2763932023, .8506508078], [-1.394427191, -1.170820393, .8506508078], [.5000000000, 0., 1.701301616], [-.5000000000, 0., 1.701301616], [.2236067977, .4472135954, .324919695], [-.2236067977, -.4472135954, .324919695], [.2236067977, 1.447213595, 1.701301616], [-.2236067977, -1.447213595, 1.701301616]]],
 
[[[1, 2, 7], [2, 1, 8], [1, 6, 8], [1, 4, 6], [1, 3, 4], [3, 1, 5], [5, 1, 11], [1, 9, 11], [1, 7, 9], [7, 5, 9], [2, 5, 7], [2, 3, 5], [3, 2, 4], [4, 2, 6], [6, 2, 10], [2, 8, 10], [10, 8, 12], [8, 6, 12], [10, 6, 14], [14, 6, 16], [6, 13, 16], [13, 6, 18], [14, 13, 18], [13, 14, 17], [9, 13, 17], [9, 11, 13], [11, 5, 13], [13, 5, 15], [13, 15, 16], [15, 14, 16], [5, 14, 15], [14, 5, 17], [5, 9, 17], [10, 14, 18], [12, 10, 18], [6, 12, 18]],[[.5000000000, 0., 0.], [-.5000000000, 0., 0.], [-.2236067977, -.4472135954, .3249196966], [.2236067977, .4472135954, .3249196966], [.2236067977, -.1708203931, -.5257311126], [-.2236067977, .1708203931, -.5257311126], [-.2236067977, .5527864046, 0.], [.2236067977, -.5527864046, 0.], [.527864046e-1, .7236067977, -.5257311126], [-.527864046e-1, -.7236067977, -.5257311126], [.6708203931, .7236067977, -.5257311126], [.3944271908, .1708203931, -.5257311126], [.5000000000, 0., -1.051462225], [-.5000000000, 0., -1.051462225], [-.2236067977, -.4472135954, -1.376381922], [.2236067977, .4472135954, -1.376381922], [-.2236067977, .5527864046, -1.051462225], [.2236067977, -.5527864046, -1.051462225]]],
 
[[[1, 2, 7], [2, 1, 8], [1, 6, 8], [1, 4, 6], [1, 3, 4], [3, 1, 5], [5, 1, 11], [1, 9, 11], [1, 7, 9], [7, 5, 9], [2, 5, 7], [2, 3, 5], [3, 2, 4], [4, 2, 6], [6, 2, 10], [2, 8, 10], [10, 8, 12], [8, 6, 12], [10, 6, 14], [14, 6, 16], [6, 13, 16], [13, 6, 18], [14, 13, 18], [13, 14, 17], [9, 13, 17], [9, 11, 13], [11, 5, 13], [13, 5, 15], [13, 15, 16], [15, 14, 16], [5, 14, 15], [14, 5, 17], [5, 9, 17], [10, 14, 18], [12, 10, 18], [6, 12, 18]],[[.5000000000, 0., 0.], [-.5000000000, 0., 0.], [-.2236067977, .4472135954, .3249196966], [.2236067977, -.4472135954, .3249196966], [.2236067977, .1708203931, -.5257311126], [-.2236067977, -.1708203931, -.5257311126], [-.2236067977, -.5527864046, 0.], [.2236067977, .5527864046, 0.], [.527864046e-1, -.7236067977, -.5257311126], [-.527864046e-1, .7236067977, -.5257311126], [.6708203931, -.7236067977, -.5257311126], [.3944271908, -.1708203931, -.5257311126], [.5000000000, 0., -1.051462225], [-.5000000000, 0., -1.051462225], [-.2236067977, .4472135954, -1.376381922], [.2236067977, -.4472135954, -1.376381922], [-.2236067977, -.5527864046, -1.051462225], [.2236067977, .5527864046, -1.051462225]]],
 
[[[1, 2, 7], [2, 1, 8], [1, 6, 8], [1, 4, 6], [1, 3, 4], [3, 1, 5], [5, 1, 11], [1, 9, 11], [1, 7, 9], [7, 5, 9], [2, 5, 7], [2, 3, 5], [3, 2, 4], [4, 2, 6], [6, 2, 10], [2, 8, 10], [10, 8, 12], [8, 6, 12], [10, 6, 14], [14, 6, 16], [6, 13, 16], [13, 6, 18], [14, 13, 18], [13, 14, 17], [9, 13, 17], [9, 11, 13], [11, 5, 13], [13, 5, 15], [13, 15, 16], [15, 14, 16], [5, 14, 15], [14, 5, 17], [5, 9, 17], [10, 14, 18], [12, 10, 18], [6, 12, 18]],[[.5000000000, 0., 0.], [-.5000000000, 0., 0.], [.2236067977, -.4472135954, 1.376381920], [-.2236067977, .4472135954, 1.376381920], [-.2236067977, -1.170820393, .8506508078], [.2236067977, 1.170820393, .8506508078], [.2236067977, -1.447213595, 0.], [-.2236067977, 1.447213595, 0.], [.9472135954, -.2763932023, .8506508078], [-.9472135954, .2763932023, .8506508078], [-.6708203931, -.2763932023, .8506508078], [-1.394427191, 1.170820393, .8506508078], [.5000000000, 0., 1.701301616], [-.5000000000, 0., 1.701301616], [.2236067977, -.4472135954, .324919695], [-.2236067977, .4472135954, .324919695], [.2236067977, -1.447213595, 1.701301616], [-.2236067977, 1.447213595, 1.701301616]]],
 
