[[[1, 2, 6], [2, 1, 7], [7, 1, 9], [1, 5, 9], [1, 3, 5], [3, 1, 4], [4, 1, 8], [8, 1, 10], [1, 6, 10], [10, 6, 12], [6, 4, 8], [2, 4, 6], [2, 3, 4], [3, 2, 5], [5, 2, 7], [5, 7, 11], [9, 5, 11], [9, 7, 13], [13, 7, 14], [6, 13, 14], [13, 6, 18], [8, 13, 18], [13, 8, 16], [15, 13, 16], [13, 15, 17], [9, 13, 17], [11, 9, 17], [7, 11, 17], [14, 7, 17], [15, 14, 17], [14, 15, 16], [6, 14, 16], [8, 6, 16], [12, 8, 18], [10, 8, 12], [6, 12, 18]],[[.5000000000, 0., 0.], [-.5000000000, 0., 0.], [-.1653243889, .4718769396, .4162221090], [.1653243889, -.4718769396, .4162221090], [.1653243889, .354054507, -.5201481493], [-.1653243889, -.354054507, -.5201481493], [-.1653243889, -.560280415, -.286346894], [.2794760070, -.8949502289, -.3878572602], [.2794760070, -.496552359, -.839526606], [.8165573682, -.187428424, -.610392067], [-.474102513, .15659182, -.765215854], [.446880000, -.337408491, -1.200952036], [-.527222514, -1.077087930, -.950052380], [-.8503664717, -.367374634, -.324045174], [-1.337673444, -.757382547, -.668054178], [-.561031617, -1.233493119, -.2555663716], [-.561031617, -.4075616730, -1.191936629], [.90201363e-1, -.949044603, -1.282180547]]],
 
[[[1, 2, 6], [2, 1, 7], [7, 1, 9], [1, 5, 9], [1, 3, 5], [3, 1, 4], [4, 1, 8], [8, 1, 10], [1, 6, 10], [10, 6, 12], [6, 4, 8], [2, 4, 6], [2, 3, 4], [3, 2, 5], [5, 2, 7], [5, 7, 11], [9, 5, 11], [9, 7, 13], [13, 7, 14], [6, 13, 14], [13, 6, 18], [8, 13, 18], [13, 8, 16], [15, 13, 16], [13, 15, 17], [9, 13, 17], [11, 9, 17], [7, 11, 17], [14, 7, 17], [15, 14, 17], [14, 15, 16], [6, 14, 16], [8, 6, 16], [12, 8, 18], [10, 8, 12], [6, 12, 18]],[[.5000000000, 0., 0.], [-.5000000000, 0., 0.], [.3984301671, .3020817808, 1.317434554], [-.3984301671, -.3020817808, 1.317434554], [-.3984301671, .845889147, 1.054210018], [.3984301671, -.845889147, 1.054210018], [.3984301671, 1.22068716, .580353434], [.1935622016, .708703554, .6354802465], [.1935622016, -.36103504, .880766470], [.720989218, -.7682940e-1, 1.606027704], [1.054987887, .12400371, 1.03137572], [-.528110190, .19183440e-1, .574235006], [.26877698e-1, .3569218724, 1.556602349], [-.811749094, .235182466, 1.025674271], [.677936754, .912229437e-1, .397840163], [-.638821786e-1, -.554463659, .216750476], [-.638821786e-1, .593507271, -.46474060e-1], [1.055537207, -.32921128, .505343627]]],
 
[[[1, 2, 6], [2, 1, 7], [7, 1, 9], [1, 5, 9], [1, 3, 5], [3, 1, 4], [4, 1, 8], [8, 1, 10], [1, 6, 10], [6, 4, 8], [2, 4, 6], [2, 3, 4], [3, 2, 5], [5, 2, 7], [5, 7, 11], [9, 5, 11], [9, 11, 12], [11, 7, 12], [12, 7, 18], [7, 17, 18], [7, 14, 17], [7, 13, 14], [13, 6, 14], [10, 6, 13], [8, 10, 13], [8, 13, 16], [13, 15, 16], [15, 13, 17], [13, 9, 17], [7, 9, 13], [17, 9, 18], [9, 12, 18], [14, 15, 17], [15, 14, 16], [14, 6, 16], [6, 8, 16]],[[.5000000000, 0., 0.], [-.5000000000, 0., 0.], [.3918058123, .310625506, 1.467313766], [-.3918058123, -.310625506, 1.467313766], [-.3918058123, .878581609, 1.215562524], [.3918058123, -.878581609, 1.215562524], [.3918058123, 1.29579694, .75525372], [.2387961252, .7499163106, .607781262], [.2387961252, -.439290803, .859532504], [.779767063, -.10658982, 1.719065008], [1.112038748, .914396e-2, 1.05019865], [-.85786438e-1, .78113575, .4319368e-1], [-.544815500, .128665298, .607781262], [-.67223249e-1, -.5329491e-1, -.251751242], [.824582563, .257330594, 1.215562524], [1.085786438, -.492585717, .607781262], [1.085786438, .69662140, .356030020], [.67223249e-1, .13780929, 1.65797992]]],
 
[[[1, 2, 6], [2, 1, 7], [7, 1, 9], [1, 5, 9], [1, 3, 5], [3, 1, 4], [4, 1, 8], [8, 1, 10], [10, 1, 12], [1, 11, 12], [1, 6, 11], [6, 10, 11], [6, 8, 10], [6, 4, 8], [2, 4, 6], [2, 3, 4], [3, 2, 5], [5, 2, 7], [9, 7, 13], [13, 7, 14], [13, 14, 17], [11, 13, 17], [11, 12, 13], [12, 10, 13], [13, 10, 18], [16, 13, 18], [15, 13, 16], [5, 13, 15], [5, 9, 13], [14, 5, 15], [14, 15, 16], [14, 16, 17], [17, 16, 18], [10, 17, 18], [10, 11, 17], [7, 5, 14]],[[.5000000000, 0., 0.], [-.5000000000, 0., 0.], [.3780425865, .327236, .9370392700], [-.3780425865, -.327236, .9370392700], [-.3780425865, .839426432, .5296124557], [.3780425865, -.839426432, .5296124557], [.3780425865, .9866321, -.108091073], [.263549846, .436694, .867980133], [.263549846, .1985843, .951133927], [.8170638697, -.3031194, 1.250469609], [1.370577893, .37748e-1, .490580429], [.134127749, .322314568, .87306981], [.93155661, .90621384, .720857155], [.17547146, 1.4184038, 1.12828396], [.289964195, .142282568, .78991618], [.53514033e-1, .578977136, 1.657896425], [1.053514034, .578977136, 1.657896425], [.17547146, .251741, .720857155]]],
 
[[[1, 2, 6], [2, 1, 7], [7, 1, 9], [1, 5, 9], [1, 3, 5], [3, 1, 4], [4, 1, 8], [1, 6, 8], [8, 6, 10], [4, 8, 10], [4, 10, 11], [6, 4, 11], [2, 4, 6], [2, 3, 4], [3, 2, 5], [5, 2, 7], [9, 7, 13], [13, 7, 14], [13, 14, 17], [13, 17, 18], [16, 13, 18], [15, 13, 16], [5, 13, 15], [5, 9, 13], [14, 5, 15], [14, 15, 16], [14, 16, 17], [16, 11, 17], [10, 11, 16], [6, 11, 12], [10, 6, 12], [10, 12, 17], [10, 17, 18], [16, 10, 18], [12, 11, 17], [7, 5, 14]],[[.5000000000, 0., 0.], [-.5000000000, 0., 0.], [.2500000000, .4330127020, .2500000000], [-.2500000000, -.4330127020, .2500000000], [-.2500000000, 0., -.5000000000], [.2500000000, 0., -.5000000000], [.2500000000, -.4330127020, .2500000000], [-.1250000000, -.7577722285, -.1875000000], [-.1250000000, -.5412658775, -.5625000000], [-.2500000000, .2165063510, -.3750000000], [.2500000000, -.2165063510, .3750000000], [.1250000000, .3247595265, .4375000000], [-.2500000000, -.2165063510, .3750000000], [.2500000000, .2165063510, -.3750000000], [-.1250000000, .3247595265, .4375000000], [.5000000000, -.2165063510, -.1250000000], [-.5000000000, -.2165063510, -.1250000000], [.2500000000, -.6495190530, -.3750000000]]],
 
[[[1, 2, 6], [2, 1, 7], [7, 1, 9], [1, 5, 9], [1, 3, 5], [3, 1, 4], [4, 1, 8], [1, 6, 8], [8, 6, 10], [4, 8, 10], [4, 10, 11], [6, 4, 11], [2, 4, 6], [2, 3, 4], [3, 2, 5], [5, 2, 7], [9, 7, 13], [13, 7, 14], [13, 14, 17], [13, 17, 18], [16, 13, 18], [15, 13, 16], [5, 13, 15], [5, 9, 13], [14, 5, 15], [14, 15, 16], [14, 16, 17], [16, 11, 17], [10, 11, 16], [6, 11, 12], [10, 6, 12], [10, 12, 17], [10, 17, 18], [16, 10, 18], [12, 11, 17], [7, 5, 14]],[[.5000000000, 0., 0.], [-.5000000000, 0., 0.], [-.2500000000, .4330127020, .2500000000], [.2500000000, -.4330127020, .2500000000], [.2500000000, 0., -.5000000000], [-.2500000000, 0., -.5000000000], [-.2500000000, -.4330127020, .2500000000], [-.1250000000, -.5412658775, -.5625000000], [-.1250000000, -.7577722285, -.1875000000], [-.2500000000, -.2165063510, .3750000000], [.2500000000, .2165063510, -.3750000000], [-.1250000000, .3247595265, .4375000000], [-.2500000000, .2165063510, -.3750000000], [.2500000000, -.2165063510, .3750000000], [.1250000000, .3247595265, .4375000000], [-.5000000000, -.2165063510, -.1250000000], [.5000000000, -.2165063510, -.1250000000], [.2500000000, -.6495190530, -.3750000000]]],
 
[[[1, 2, 6], [2, 1, 7], [1, 5, 7], [1, 3, 5], [3, 1, 4], [4, 1, 10], [1, 6, 8], [6, 4, 8], [2, 4, 6], [2, 3, 4], [3, 2, 5], [5, 2, 9], [2, 7, 9], [9, 7, 11], [7, 5, 11], [11, 5, 12], [5, 9, 12], [11, 9, 18], [9, 13, 18], [13, 1, 18], [1, 13, 17], [8, 1, 17], [15, 8, 17], [13, 15, 17], [13, 14, 15], [14, 1, 15], [1, 14, 16], [1, 16, 18], [16, 11, 18], [12, 11, 16], [9, 12, 16], [13, 9, 16], [14, 13, 16], [1, 10, 15], [10, 8, 15], [4, 8, 10]],[[.5000000000, 0., 0.], [-.5000000000, 0., 0.], [.2531241213, .4311938997, .3856775706], [-.2531241213, -.4311938997, .3856775706], [-.2531241213, .3353863337, -.4713718000], [.2531241213, -.3353863337, -.4713718000], [.2531241213, -.505713848, -.2809428217], [.1610894407, -.8948579947, .2904630814], [-.1610894407, -.567750507, -.7501993029], [.6901633707, -.1603872713, .5776996470], [.3079778126, .31539943, -.754899948], [-.2447582819, -.246615279, -1.284516396], [.8221788812, -.7056078262, -.6311246804], [1.127202620, -.352759829e-1, -.315522917e-1], [.6817975324, -.9301339776, -.605949707e-1], [.6817975324, -.163553743, -.9176443419], [.453925949e-1, -.2245261515, -.3722138909], [.453925949e-1, -.394853667, -.1817849118]]],
 
[[[1, 2, 6], [2, 1, 7], [1, 5, 7], [1, 3, 5], [3, 1, 4], [4, 1, 10], [1, 8, 10], [1, 6, 8], [6, 4, 8], [2, 4, 6], [2, 3, 4], [3, 2, 5], [5, 2, 9], [2, 7, 9], [9, 7, 12], [7, 5, 11], [5, 9, 11], [11, 9, 12], [11, 12, 18], [12, 7, 18], [7, 14, 18], [7, 13, 14], [14, 13, 17], [13, 8, 17], [10, 8, 13], [4, 10, 13], [4, 13, 15], [15, 13, 16], [13, 7, 16], [7, 11, 16], [16, 11, 18], [14, 16, 18], [14, 15, 16], [14, 4, 15], [4, 14, 17], [8, 4, 17]],[[.5000000000, 0., 0.], [-.5000000000, 0., 0.], [.2236067977, .4472135954, 1.376381920], [-.2236067977, -.4472135954, 1.376381920], [-.2236067977, 1.170820393, .8506508078], [.2236067977, -1.170820393, .8506508078], [.2236067977, 1.447213595, 0.], [.9472135954, .2763932023, .8506508078], [-.9472135954, .7236067977, -.525731113], [-.6708203931, .2763932023, .8506508078], [-1.394427191, 1.447213595, 0.], [-.2236067977, 2.170820393, -.525731113], [.5000000000, 1., 1.376381920], [-.5000000000, 1., 1.376381920], [.2236067977, -.1708203931, .525731113], [-.2236067977, .5527864046, 0.], [.2236067977, -.1708203931, 2.227032728], [-.9472135954, 1.723606798, .8506508078]]],
 
[[[1, 2, 6], [2, 1, 7], [1, 5, 7], [1, 3, 5], [3, 1, 4], [4, 1, 10], [1, 8, 10], [1, 6, 8], [6, 4, 8], [2, 4, 6], [2, 3, 4], [3, 2, 5], [5, 2, 9], [2, 7, 9], [9, 7, 12], [7, 5, 11], [5, 9, 11], [11, 9, 12], [11, 12, 18], [12, 7, 18], [7, 14, 18], [7, 13, 14], [14, 13, 17], [13, 8, 17], [10, 8, 13], [4, 10, 13], [4, 13, 15], [15, 13, 16], [13, 7, 16], [7, 11, 16], [16, 11, 18], [14, 16, 18], [14, 15, 16], [14, 4, 15], [4, 14, 17], [8, 4, 17]],[[.5000000000, 0., 0.], [-.5000000000, 0., 0.], [-.2236067977, -.4472135954, .3249196966], [.2236067977, .4472135954, .3249196966], [.2236067977, -.1708203931, -.5257311126], [-.2236067977, .1708203931, -.5257311126], [-.2236067977, .5527864046, 0.], [.527864046e-1, .7236067977, -.5257311126], [-.527864046e-1, .2763932023, -.8506508092], [.6708203931, .7236067977, -.5257311126], [.3944271908, .5527864046, 0.], [.2236067977, .8291796069, -.8506508092], [.5000000000, 1., .3249196966], [-.5000000000, 1., .3249196966], [-.2236067977, 1.170820393, .8506508092], [.2236067977, 1.447213595, 0.], [-.2236067977, 1.170820393, -.2008114160], [-.527864046e-1, 1.276393202, -.5257311126]]],
 
[[[1, 2, 6], [2, 1, 7], [1, 5, 7], [1, 3, 5], [3, 1, 4], [4, 1, 10], [1, 8, 10], [1, 6, 8], [6, 4, 8], [2, 4, 6], [2, 3, 4], [3, 2, 5], [5, 2, 9], [2, 7, 9], [9, 7, 12], [7, 5, 11], [5, 9, 11], [11, 9, 12], [11, 12, 18], [12, 7, 18], [7, 14, 18], [7, 13, 14], [14, 13, 17], [13, 8, 17], [10, 8, 13], [4, 10, 13], [4, 13, 15], [15, 13, 16], [13, 7, 16], [7, 11, 16], [16, 11, 18], [14, 16, 18], [14, 15, 16], [14, 4, 15], [4, 14, 17], [8, 4, 17]],[[.5000000000, 0., 0.], [-.5000000000, 0., 0.], [-.2236067977, .4472135954, .3249196966], [.2236067977, -.4472135954, .3249196966], [.2236067977, .1708203931, -.5257311126], [-.2236067977, -.1708203931, -.5257311126], [-.2236067977, -.5527864046, 0.], [.527864046e-1, -.7236067977, -.5257311126], [-.527864046e-1, -.2763932023, -.8506508092], [.6708203931, -.7236067977, -.5257311126], [.3944271908, -.5527864046, 0.], [.2236067977, -.8291796069, -.8506508092], [.5000000000, -1., .3249196966], [-.5000000000, -1., .3249196966], [-.2236067977, -1.170820393, .8506508092], [.2236067977, -1.447213595, 0.], [-.2236067977, -1.170820393, -.2008114160], [-.527864046e-1, -1.276393202, -.5257311126]]],
 
[[[1, 2, 6], [2, 1, 7], [1, 5, 7], [1, 3, 5], [3, 1, 4], [4, 1, 10], [1, 8, 10], [1, 6, 8], [6, 4, 8], [2, 4, 6], [2, 3, 4], [3, 2, 5], [5, 2, 9], [2, 7, 9], [9, 7, 12], [7, 5, 11], [5, 9, 11], [11, 9, 12], [11, 12, 18], [12, 7, 18], [7, 14, 18], [7, 13, 14], [14, 13, 17], [13, 8, 17], [10, 8, 13], [4, 10, 13], [4, 13, 15], [15, 13, 16], [13, 7, 16], [7, 11, 16], [16, 11, 18], [14, 16, 18], [14, 15, 16], [14, 4, 15], [4, 14, 17], [8, 4, 17]],[[.5000000000, 0., 0.], [-.5000000000, 0., 0.], [.2236067977, -.4472135954, 1.376381920], [-.2236067977, .4472135954, 1.376381920], [-.2236067977, -1.170820393, .8506508078], [.2236067977, 1.170820393, .8506508078], [.2236067977, -1.447213595, 0.], [.9472135954, -.2763932023, .8506508078], [-.9472135954, -.7236067977, -.525731113], [-.6708203931, -.2763932023, .8506508078], [-1.394427191, -1.447213595, 0.], [-.2236067977, -2.170820393, -.525731113], [.5000000000, -1., 1.376381920], [-.5000000000, -1., 1.376381920], [.2236067977, .1708203931, .525731113], [-.2236067977, -.5527864046, 0.], [.2236067977, .1708203931, 2.227032728], [-.9472135954, -1.723606798, .8506508078]]],
 
[[[1, 2, 6], [2, 1, 7], [1, 5, 7], [1, 3, 5], [3, 1, 4], [4, 1, 8], [8, 1, 12], [1, 10, 12], [1, 6, 10], [6, 8, 10], [6, 4, 8], [2, 4, 6], [2, 3, 4], [3, 2, 5], [5, 2, 9], [9, 2, 11], [7, 9, 11], [7, 5, 9], [7, 11, 18], [11, 2, 18], [2, 16, 18], [2, 14, 16], [14, 13, 16], [13, 7, 16], [2, 7, 13], [2, 13, 17], [13, 10, 17], [12, 10, 13], [8, 12, 13], [8, 13, 15], [13, 14, 15], [14, 2, 15], [15, 2, 17], [8, 15, 17], [10, 8, 17], [16, 7, 18]],[[.5000000000, 0., 0.], [-.5000000000, 0., 0.], [-.3047378539, .3964023716, .6865890479], [.3047378539, -.3964023716, .6865890479], [.3047378539, .7928047434, 0.], [-.3047378539, -.7928047434, 0.], [-.3047378539, .3964023716, -.6865890479], [.4428090414, -.9569999819, -.2843944960], [-.4428090414, .9569999819, .2843944960], [-.85786438e-1, 0., -.568788992], [-1.028595479, .9569999819, -.2843944960], [.6380711873, -.5605976103, -.9709835439], [-.4428090414, -.7247928494, -.6865890479], [-1.247546895, -.3283904776, 0.], [-.6380711873, -1.121195221, 0.], [-1.028595479, -.2322071331, -.9709835439], [.85786438e-1, -.492585716, .2843944960], [-1.385618082, .2322071331, -.4021945521]]],
 
[[[1, 2, 6], [2, 1, 7], [1, 5, 7], [1, 3, 5], [3, 1, 4], [4, 1, 8], [8, 1, 10], [10, 1, 12], [1, 6, 12], [6, 8, 10], [6, 4, 8], [2, 4, 6], [2, 3, 4], [3, 2, 5], [5, 2, 9], [2, 7, 9], [7, 5, 11], [5, 9, 11], [11, 9, 17], [9, 14, 17], [14, 15, 17], [15, 13, 17], [13, 7, 17], [7, 13, 14], [13, 6, 14], [12, 6, 13], [10, 12, 13], [10, 13, 18], [13, 16, 18], [13, 15, 16], [15, 14, 16], [14, 6, 16], [16, 6, 18], [6, 10, 18], [9, 7, 14], [7, 11, 17]],[[.5000000000, 0., 0.], [-.5000000000, 0., 0.], [.1346904945, .4815168437, .1871993567], [-.1346904945, -.4815168437, .1871993567], [-.1346904945, -.228628836, -.4632827714], [.1346904945, .228628836, -.4632827714], [.1346904945, -.144332834, .4960545376], [-.2564603297, -.489603234, -.4336547520], [.2564603297, -.6420224581, .1247995711], [.3056640476, -.7409398107, -.2880552524], [.1027143224, .2929125616, -.1949795320], [.2962239683, -.469073814, -.8593282789], [-.1838942125, -.1297114836, -.5042794790e-1], [.7365785104, .2345369067, .9118093916e-1], [-.495376048e-1, .4465750359, .1736150262], [.5492037179, -.3518053602, .2376273046], [.5492037179, -.98917353e-1, -.4128548235], [.7521534432, -.2983034880, -.3592831288]]],
 
[[[1, 2, 6], [2, 1, 7], [1, 5, 7], [1, 3, 5], [3, 1, 4], [4, 1, 8], [8, 1, 10], [10, 1, 12], [1, 6, 12], [6, 8, 10], [6, 4, 8], [2, 4, 6], [2, 3, 4], [3, 2, 5], [5, 2, 9], [2, 7, 9], [7, 5, 11], [5, 9, 11], [11, 9, 17], [9, 14, 17], [14, 15, 17], [15, 13, 17], [13, 7, 17], [7, 13, 14], [13, 6, 14], [12, 6, 13], [10, 12, 13], [10, 13, 18], [13, 16, 18], [13, 15, 16], [15, 14, 16], [14, 6, 16], [16, 6, 18], [6, 10, 18], [9, 7, 14], [7, 11, 17]],[[.5000000000, 0., 0.], [-.5000000000, 0., 0.], [-.4124682723, .2826126753, 1.259097602], [.4124682723, -.2826126753, 1.259097602], [.4124682723, .7936167967, 1.017530872], [-.4124682723, -.7936167967, 1.017530872], [-.4124682723, 1.152359954, .580743687], [.1083121815, -.9058947648, -.161044486], [-.1083121815, -.3768169004, .8393984012], [-.4846763932, .1836623723, .8182536488], [-.9916032112, .6882739778e-1, .9849941302], [.8231175955, -.6876669321, .650160911], [.7888324841, .2331375238, 1.038675625], [-.740270700e-1, .3438334661, 1.531848818], [-.6507367436, .9028901200e-1, .4022561207], [.1236357883, -.5157501992, .2204219771], [.1236357883, .5604792728, -.21144753e-1], [.6305626062, -.4843487908, 1.717029540]]],
 
