[[[1, 2, 6], [2, 1, 7], [1, 5, 7], [1, 3, 5], [3, 1, 4], [4, 1, 8], [8, 1, 11], [11, 1, 12], [1, 10, 12], [1, 6, 10], [6, 8, 10], [6, 4, 8], [2, 4, 6], [2, 3, 4], [3, 2, 5], [5, 2, 9], [7, 5, 9], [7, 9, 16], [13, 7, 16], [2, 7, 13], [2, 13, 17], [13, 10, 17], [12, 10, 13], [8, 10, 11], [11, 10, 18], [13, 11, 18], [15, 13, 18], [14, 13, 15], [13, 14, 16], [14, 2, 16], [2, 14, 15], [2, 15, 17], [17, 15, 18], [10, 17, 18], [2, 9, 16], [12, 11, 13]],[[.5000000000, 0., 0.], [-.5000000000, 0., 0.], [-.2236067977, .4472135954, 1.376381920], [.2236067977, -.4472135954, 1.376381920], [.2236067977, 1.170820393, .8506508078], [-.2236067977, -1.170820393, .8506508078], [-.2236067977, 1.447213595, 0.], [.9472135954, -.8944271908, 0.], [-.9472135954, .2763932023, .8506508078], [-.6708203931, -.8944271908, 0.], [-.2236067977, -1.170820393, -.8506508078], [.527864046e-1, .2763932023, -.8506508078], [-.9472135954, .2763932023, -.8506508078], [-1.670820393, .7236067977, .525731113], [-2.118033988, 0., 0.], [-1.223606798, 1.447213595, 0.], [-1.670820393, -.8944271908, 0.], [-1.394427191, -.4472135954, -1.376381920]]],
 
[[[1, 2, 6], [2, 1, 7], [1, 5, 7], [1, 3, 5], [3, 1, 4], [4, 1, 8], [8, 1, 11], [11, 1, 12], [1, 10, 12], [1, 6, 10], [6, 8, 10], [6, 4, 8], [2, 4, 6], [2, 3, 4], [3, 2, 5], [5, 2, 9], [7, 5, 9], [7, 9, 16], [13, 7, 16], [2, 7, 13], [2, 13, 17], [13, 10, 17], [12, 10, 13], [8, 10, 11], [11, 10, 18], [13, 11, 18], [15, 13, 18], [14, 13, 15], [13, 14, 16], [14, 2, 16], [2, 14, 15], [2, 15, 17], [17, 15, 18], [10, 17, 18], [2, 9, 16], [12, 11, 13]],[[.5000000000, 0., 0.], [-.5000000000, 0., 0.], [-.2236067977, -.4472135954, 1.376381920], [.2236067977, .4472135954, 1.376381920], [.2236067977, -1.170820393, .8506508078], [-.2236067977, 1.170820393, .8506508078], [-.2236067977, -1.447213595, 0.], [.9472135954, .8944271908, 0.], [-.9472135954, -.2763932023, .8506508078], [-.6708203931, .8944271908, 0.], [-.2236067977, 1.170820393, -.8506508078], [.527864046e-1, -.2763932023, -.8506508078], [-.9472135954, -.2763932023, -.8506508078], [-1.670820393, -.7236067977, .525731113], [-2.118033988, 0., 0.], [-1.223606798, -1.447213595, 0.], [-1.670820393, .8944271908, 0.], [-1.394427191, .4472135954, -1.376381920]]],
 
[[[1, 2, 6], [1, 5, 7], [1, 3, 5], [3, 1, 4], [4, 1, 8], [1, 6, 8], [8, 6, 10], [6, 9, 10], [6, 4, 9], [2, 4, 6], [2, 3, 4], [3, 2, 5], [5, 2, 7], [7, 2, 15], [1, 7, 15], [13, 1, 15], [1, 13, 14], [1, 14, 17], [16, 1, 17], [2, 1, 16], [14, 2, 16], [14, 16, 18], [16, 10, 18], [10, 16, 17], [12, 10, 17], [8, 10, 12], [11, 8, 12], [9, 8, 11], [4, 8, 9], [10, 9, 11], [12, 11, 17], [17, 11, 18], [14, 17, 18], [11, 10, 18], [13, 2, 14], [2, 13, 15]],[[.5000000000, 0., 0.], [-.5000000000, 0., 0.], [.2236067977, .4472135954, 1.376381920], [-.2236067977, -.4472135954, 1.376381920], [-.2236067977, 1.170820393, .8506508078], [.2236067977, -1.170820393, .8506508078], [.2236067977, 1.447213595, 0.], [.9472135954, .2763932023, .8506508078], [1.394427191, -.4472135954, 1.376381920], [.6708203931, -.8944271908, 0.], [1.670820393, -.8944271908, 0.], [1.394427191, .5527864046, 0.], [.2236067977, .4472135954, -1.376381920], [-.2236067977, -.4472135954, -1.376381920], [-.2236067977, 1.170820393, -.8506508078], [.2236067977, -1.170820393, -.8506508078], [.9472135954, .2763932023, -.8506508078], [1.394427191, -.4472135954, -1.376381920]]],
 
[[[1, 2, 6], [1, 5, 7], [1, 3, 5], [3, 1, 4], [4, 1, 8], [1, 6, 8], [8, 6, 10], [6, 9, 10], [6, 4, 9], [2, 4, 6], [2, 3, 4], [3, 2, 5], [5, 2, 7], [7, 2, 15], [1, 7, 15], [13, 1, 15], [1, 13, 14], [1, 14, 17], [16, 1, 17], [2, 1, 16], [14, 2, 16], [14, 16, 18], [16, 10, 18], [10, 16, 17], [12, 10, 17], [8, 10, 12], [11, 8, 12], [9, 8, 11], [4, 8, 9], [10, 9, 11], [12, 11, 17], [17, 11, 18], [14, 17, 18], [11, 10, 18], [13, 2, 14], [2, 13, 15]],[[.5000000000, 0., 0.], [-.5000000000, 0., 0.], [.2236067977, -.4472135954, 1.376381920], [-.2236067977, .4472135954, 1.376381920], [-.2236067977, -1.170820393, .8506508078], [.2236067977, 1.170820393, .8506508078], [.2236067977, -1.447213595, 0.], [.9472135954, -.2763932023, .8506508078], [1.394427191, .4472135954, 1.376381920], [.6708203931, .8944271908, 0.], [1.670820393, .8944271908, 0.], [1.394427191, -.5527864046, 0.], [.2236067977, -.4472135954, -1.376381920], [-.2236067977, .4472135954, -1.376381920], [-.2236067977, -1.170820393, -.8506508078], [.2236067977, 1.170820393, -.8506508078], [.9472135954, -.2763932023, -.8506508078], [1.394427191, .4472135954, -1.376381920]]],
 
[[[1, 2, 5], [2, 1, 6], [6, 1, 10], [1, 8, 10], [1, 4, 8], [1, 3, 4], [3, 1, 7], [7, 1, 9], [1, 5, 9], [5, 7, 11], [5, 3, 7], [2, 3, 5], [3, 2, 4], [4, 2, 6], [4, 6, 8], [8, 6, 12], [10, 8, 12], [10, 12, 18], [13, 10, 18], [6, 10, 13], [6, 13, 14], [13, 5, 14], [9, 5, 13], [9, 13, 17], [13, 15, 17], [15, 13, 16], [16, 13, 18], [6, 16, 18], [6, 14, 16], [14, 15, 16], [14, 5, 15], [15, 5, 17], [5, 11, 17], [11, 9, 17], [7, 9, 11], [12, 6, 18]],[[.5000000000, 0., 0.], [-.5000000000, 0., 0.], [0., .5000000000, .6672286728], [0., -.5000000000, .6672286728], [0., .7807764060, -.292544534], [0., -.7807764060, -.292544534], [.7807764060, .9211646100, .269481673], [.7807764060, -.9211646100, .269481673], [.9211646100, .6009705080, -.637690301], [.9211646100, -.6009705080, -.637690301], [.6009705080, 1.511067559, -.517718651], [.6009705080, -1.511067559, -.517718651], [.184658439, 0., -.84161972], [-.56913031, 0., -.18450289], [-.63068312, .5000000000, -1.01601077], [-.63068312, -.5000000000, -1.01601077], [.219223594, .9211646100, -1.229254880], [.219223594, -.9211646100, -1.229254880]]],
 
[[[1, 2, 5], [2, 1, 6], [6, 1, 10], [1, 8, 10], [1, 4, 8], [1, 3, 4], [3, 1, 7], [7, 1, 9], [1, 5, 9], [5, 7, 11], [5, 3, 7], [2, 3, 5], [3, 2, 4], [4, 2, 6], [4, 6, 8], [8, 6, 12], [10, 8, 12], [10, 12, 18], [13, 10, 18], [6, 10, 13], [6, 13, 14], [13, 5, 14], [9, 5, 13], [9, 13, 17], [13, 15, 17], [15, 13, 16], [16, 13, 18], [6, 16, 18], [6, 14, 16], [14, 15, 16], [14, 5, 15], [15, 5, 17], [5, 11, 17], [11, 9, 17], [7, 9, 11], [12, 6, 18]],[[.5000000000, 0., 0.], [-.5000000000, 0., 0.], [0., .5000000000, 1.029085514], [0., -.5000000000, 1.029085514], [0., 1.118033988, .242934135], [0., -1.118033988, .242934135], [1.118033988, .6180339880, .485868271], [1.118033988, -.6180339880, .485868271], [.6180339880, 1.118033988, -.543217243], [.6180339880, -1.118033988, -.543217243], [1.118033988, 1.618033988, .485868271], [1.118033988, -1.618033988, .485868271], [1.118033988, 0., -.300283106], [1.736067977, 0., -1.086434490], [2.236067977, .5000000000, -.57348972e-1], [2.236067977, -.5000000000, -.57348972e-1], [1.618033988, 1.118033988, -.543217243], [1.618033988, -1.118033988, -.543217243]]],
 
[[[1, 2, 5], [2, 1, 6], [6, 1, 8], [1, 4, 8], [1, 3, 4], [3, 1, 7], [7, 1, 9], [1, 5, 9], [5, 3, 7], [2, 3, 5], [3, 2, 4], [4, 2, 6], [4, 6, 10], [4, 10, 12], [11, 4, 12], [8, 4, 11], [10, 8, 11], [6, 8, 10], [10, 12, 16], [10, 16, 17], [16, 14, 17], [14, 13, 17], [5, 13, 14], [5, 9, 13], [9, 7, 13], [13, 7, 15], [13, 15, 16], [13, 16, 18], [17, 13, 18], [10, 17, 18], [11, 10, 18], [16, 11, 18], [12, 11, 16], [15, 14, 16], [5, 14, 15], [7, 5, 15]],[[.5000000000, 0., 0.], [-.5000000000, 0., 0.], [.3722604190, .3337996115, .3868542749], [-.3722604190, -.3337996115, .3868542749], [-.3722604190, .431567254, -.2735472810], [.3722604190, -.431567254, -.2735472810], [.109583237e-1, .7367313854, -.4669744184], [.109583237e-1, -.5698315796, .6604015559], [.3722604190, -.207396488, -.4669744184], [.1386979047, -.9036311910, -.2735472810], [-.2445208381, -1.208795322, -.801201436e-1], [-.6058229336, -.264667448, -.801201436e-1], [.1386979047, -.138264326, -.9339488370], [-.6058229336, -.40496682e-1, -.2735472810], [-.2445208381, .977676427e-1, -1.207496118], [-.7335625142, -.4720639371, -.5470945621], [.2664374854, -.4720639371, -.5470945621], [-.6058229336, -.8058635479, -.9339488370]]],
 
[[[1, 2, 5], [2, 1, 6], [6, 1, 8], [1, 4, 8], [1, 3, 4], [3, 1, 7], [7, 1, 9], [1, 5, 9], [5, 3, 7], [2, 3, 5], [3, 2, 4], [4, 2, 6], [4, 6, 10], [4, 10, 12], [11, 4, 12], [8, 4, 11], [10, 8, 11], [6, 8, 10], [10, 12, 16], [10, 16, 17], [16, 14, 17], [14, 13, 17], [5, 13, 14], [5, 9, 13], [9, 7, 13], [13, 7, 15], [13, 15, 16], [13, 16, 18], [17, 13, 18], [10, 17, 18], [11, 10, 18], [16, 11, 18], [12, 11, 16], [15, 14, 16], [5, 14, 15], [7, 5, 15]],[[.5000000000, 0., 0.], [-.5000000000, 0., 0.], [.395042868e-1, .4984369685, 1.773262930], [-.395042868e-1, -.4984369685, 1.773262930], [-.395042868e-1, 1.349322098, 1.253886242], [.395042868e-1, -1.349322098, 1.253886242], [1.341982853, .3952072924, .3672547770], [1.341982853, -.1459888081, .519376688], [.395042868e-1, 1.804999934, .3672547770], [1.802478566, -.6444257767, 1.253886242], [.4209914263, .3096890285, 2.140517707], [1.723469992, -1.100103613, 2.140517707], [1.802478566, 1.203333289, .734509555], [1.723469992, 2.054218419, 1.253886242], [.4209914263, .8508851290, 1.988395798], [1.262974279, .7048963208, 2.507772485], [2.262974279, .7048963208, 2.507772485], [1.723469992, .2064593522, .734509555]]],
 
[[[1, 2, 5], [2, 1, 6], [6, 1, 8], [1, 4, 8], [1, 3, 4], [3, 1, 7], [1, 5, 7], [7, 5, 9], [5, 3, 9], [2, 3, 5], [3, 2, 4], [4, 2, 6], [4, 6, 10], [4, 10, 12], [8, 4, 12], [6, 8, 10], [10, 8, 18], [8, 13, 18], [13, 14, 18], [14, 13, 17], [13, 7, 17], [7, 13, 15], [15, 13, 16], [13, 8, 16], [8, 12, 16], [12, 10, 16], [16, 10, 18], [14, 16, 18], [14, 15, 16], [15, 14, 17], [9, 15, 17], [7, 9, 17], [3, 9, 11], [7, 3, 11], [7, 11, 15], [11, 9, 15]],[[.5000000000, 0., 0.], [-.5000000000, 0., 0.], [0., .5000000000, 1.053276421-.6628906409e-10*I], [0., -.5000000000, 1.053276421-.6628906409e-10*I], [0., 1.132188296+.1e-9*I, .2784616302+.1049716798e-8*I], [0., -1.132188296-.1e-9*I, .2784616302+.1049716798e-8*I], [1.132188296+.1e-9*I, .6003379572+.19e-8*I, .489828840+.4091147463e-8*I], [1.132188296+.1e-9*I, -.6003379572-.19e-8*I, .489828840+.4091147463e-8*I], [.9315123804-.29e-8*I, 1.359391219-.1396414163e-9*I, 1.109156967-.6066289064e-8*I], [.9315123804-.29e-8*I, -1.359391219+.1396414163e-9*I, 1.109156967-.6066289064e-8*I], [.7590532612-.20e-8*I, .2208113277+.18e-8*I, 1.641402115-.6095290530e-8*I], [.7590532612-.20e-8*I, -.2208113277-.18e-8*I, 1.641402115-.6095290530e-8*I], [1.931512380-.2170717167e-8*I, 0., .463841437-.2691125309e-7*I], [2.741483126-.1e-9*I, 0., 1.050311755+.2622763423e-7*I], [1.718782439-.2792828326e-9*I, .5000000000, 1.610199680+.21e-8*I], [1.718782439-.2792828326e-9*I, -.5000000000, 1.610199680+.21e-8*I], [2.173188286-.1979282833e-8*I, 1.132188296+.1e-9*I, .982622380-.2034801759e-7*I], [2.173188286-.1979282833e-8*I, -1.132188296-.1e-9*I, .982622380-.2034801759e-7*I]]],
 
[[[1, 2, 5], [2, 1, 6], [6, 1, 8], [1, 4, 8], [1, 3, 4], [3, 1, 7], [1, 5, 7], [7, 5, 9], [5, 3, 9], [2, 3, 5], [3, 2, 4], [4, 2, 6], [4, 6, 10], [8, 4, 10], [6, 8, 12], [10, 6, 12], [10, 12, 18], [16, 10, 18], [14, 16, 18], [13, 14, 18], [14, 13, 17], [13, 7, 17], [7, 13, 15], [15, 13, 16], [13, 8, 16], [8, 13, 18], [12, 8, 18], [8, 10, 16], [14, 15, 16], [15, 14, 17], [9, 15, 17], [7, 9, 17], [3, 9, 11], [7, 3, 11], [7, 11, 15], [11, 9, 15]],[[.5000000000, 0., 0.], [-.5000000000, 0., 0.], [.1495696992-.4e-9*I, .4771047116+.20e-9*I, 1.076140042+.5358193023e-11*I], [-.1495696992+.4e-9*I, -.4771047116-.20e-9*I, 1.076140042+.5358193023e-11*I], [-.1495696992+.4e-9*I, 1.117819639+.10e-8*I, .3690332601-.9e-9*I], [.1495696992-.4e-9*I, -1.117819639-.10e-8*I, .3690332601-.9e-9*I], [1.021891842-.3e-10*I, .8443514514+.12e-8*I, .1212416180-.3e-8*I], [1.021891842-.3e-10*I, -.2036365232-.267e-9*I, .8283483999-.2e-8*I], [1.021891842-.3e-10*I, 1.337535583-.27e-8*I, .9911665682+.11e-7*I], [1.021891842-.3e-10*I, -1.117819639-.10e-8*I, 1.233649805+.1e-8*I], [1.021891842-.3e-10*I, -.686296900e-2-.10e-8*I, 1.006646439+.6e-8*I], [1.021891842-.3e-10*I, -1.001098699-.933e-9*I, -.1057617485+.2e-8*I], [1.543783684-.5e-10*I, 0., 0.], [2.543783683-.5e-10*I, 0., 0.], [1.894213985+.3e-9*I, .4771047116+.20e-9*I, 1.076140042+.5358193023e-11*I], [2.193353383-.4e-9*I, -.4771047116-.20e-9*I, 1.076140042+.5358193023e-11*I], [2.193353383-.4e-9*I, 1.117819639+.10e-8*I, .3690332601-.9e-9*I], [1.894213985+.3e-9*I, -1.117819639-.10e-8*I, .3690332601-.9e-9*I]]],
 
[[[1, 2, 5], [2, 1, 6], [6, 1, 8], [1, 4, 8], [1, 3, 4], [3, 1, 7], [1, 5, 7], [7, 5, 9], [5, 3, 9], [2, 3, 5], [3, 2, 4], [4, 2, 6], [4, 6, 10], [6, 8, 10], [10, 8, 17], [8, 13, 17], [13, 14, 17], [14, 13, 16], [13, 7, 16], [7, 13, 15], [13, 4, 15], [8, 4, 13], [4, 14, 15], [15, 14, 16], [15, 16, 18], [16, 7, 18], [7, 12, 18], [7, 3, 11], [3, 9, 11], [11, 9, 12], [9, 7, 12], [11, 12, 18], [15, 11, 18], [7, 11, 15], [14, 4, 17], [4, 10, 17]],[[.5000000000, 0., 0.], [-.5000000000, 0., 0.], [-.1086041539-.19e-9*I, -.4880626374-.1e-9*I, .6489739152-.7868019811e-9*I], [.1086041539+.19e-9*I, .4880626374+.1e-9*I, .6489739152-.7868019811e-9*I], [.1086041539+.19e-9*I, -.7589169668+.3e-9*I, -.2888205634+.11e-8*I], [-.1086041539-.19e-9*I, .7589169668-.3e-9*I, -.2888205634+.11e-8*I], [.7172083077+.27e-9*I, -.8258124617-.5e-9*I, .5204366730-.3e-9*I], [.7172083077+.27e-9*I, .9761252747+0.*I, 0.], [-.417086591e-1+.106e-8*I, -1.434416615-.7e-9*I, .2888205634-.11e-8*I], [-.417086591e-1+.106e-8*I, 1.367521121-.2e-9*I, .5204366730-.3e-9*I], [.1086041539+.19e-9*I, -1.313875099-.4e-9*I, 1.169410588-.11e-8*I], [.8675211207-.2e-9*I, -1.705270945-.2e-9*I, .6489739152-.7868019811e-9*I], [.9344166153+.7e-9*I, .1503128128-.5e-9*I, .5204366730-.3e-9*I], [.7172083077+.27e-9*I, .4211671423-.7e-9*I, 1.458231152-.20e-8*I], [.3258124617+.5e-9*I, -.3377498244-.5e-9*I, 1.169410588-.11e-8*I], [1.325812462+.5e-9*I, -.3377498244-.5e-9*I, 1.169410588-.11e-8*I], [.8675211207-.2e-9*I, 1.096666791+.1e-9*I, .8805900250-.7e-9*I], [.9344166153+.7e-9*I, -1.096666791-.1e-9*I, 1.458231152-.20e-8*I]]],
 
[[[1, 2, 5], [2, 1, 6], [6, 1, 8], [1, 4, 8], [1, 3, 4], [3, 1, 7], [1, 5, 7], [7, 5, 9], [5, 3, 9], [2, 3, 5], [3, 2, 4], [4, 2, 6], [4, 6, 10], [6, 8, 10], [10, 8, 17], [8, 13, 17], [13, 14, 17], [14, 13, 16], [13, 7, 16], [7, 13, 15], [13, 4, 15], [8, 4, 13], [4, 14, 15], [15, 14, 16], [15, 16, 18], [16, 7, 18], [7, 12, 18], [7, 3, 11], [3, 9, 11], [11, 9, 12], [9, 7, 12], [11, 12, 18], [15, 11, 18], [7, 11, 15], [14, 4, 17], [4, 10, 17]],[[.5000000000, 0., 0.], [-.5000000000, 0., 0.], [-.3678690276e-1+.1e-9*I, .4986448872-.1e-11*I, .3260632292-.8960963690e-10*I], [.3678690276e-1-.1e-9*I, -.4986448872+.1e-11*I, .3260632292-.8960963690e-10*I], [.3678690276e-1-.1e-9*I, .9876273572e-1+.3e-9*I, -.5875456372+.105e-9*I], [-.3678690276e-1+.1e-9*I, -.9876273572e-1-.3e-9*I, -.5875456372+.105e-9*I], [.9578851362e-1+0.*I, .8545734872-.151e-8*I, -.3260632292+.8960963690e-10*I], [.9578851362e-1+0.*I, -.8193254740-.76e-9*I, -.4065941965+.127e-9*I], [-.5735738056-.42e-10*I, .134010747-.245e-8*I, -.1451117886+.1205e-9*I], [-.5735738056-.42e-10*I, -.1975254694-.1e-8*I, 0.], [-.7061492219+.1e-9*I, .8545734872-.151e-8*I, -.3260632292+.8960963690e-10*I], [-.3678690276e-1+.1e-9*I, .232773484+.35e-9*I, -.7326574258+.227e-9*I], [-.5735738056-.42e-10*I, -.4633968739-.2e-8*I, -1.058720655+.241e-9*I], [-.6471476112+.1e-8*I, -.6351472390e-1-.3e-8*I, -.1451117886+.1205e-9*I], [-1.110360709+.3e-9*I, .352480124e-1-.1e-8*I, -.7326574258+.227e-9*I], [-.7061492219+.1e-9*I, -.8193254740-.76e-9*I, -.4065941965+.127e-9*I], [-.1103607084+.3e-9*I, .352480124e-1-.1e-8*I, -.7326574258+.227e-9*I], [-.6471476112+.1e-8*I, .5338929011-.1e-8*I, -1.058720655+.241e-9*I]]],
 
[[[1, 2, 5], [2, 1, 6], [1, 4, 6], [1, 3, 4], [3, 1, 7], [1, 5, 7], [7, 5, 11], [5, 3, 9], [2, 3, 5], [3, 2, 4], [4, 2, 8], [2, 6, 8], [8, 6, 12], [6, 4, 10], [4, 8, 10], [10, 8, 12], [10, 12, 18], [12, 6, 18], [6, 14, 18], [6, 13, 14], [13, 5, 14], [5, 13, 17], [13, 15, 17], [15, 13, 16], [13, 6, 16], [6, 10, 16], [16, 10, 18], [14, 16, 18], [14, 15, 16], [14, 5, 15], [5, 9, 15], [15, 9, 17], [9, 11, 17], [9, 7, 11], [3, 7, 9], [11, 5, 17]],[[.5000000000, 0., 0.], [-.5000000000, 0., 0.], [-.2236067977, -.4472135954, .3249196966], [.2236067977, .4472135954, .3249196966], [.2236067977, -.1708203931, -.5257311126], [-.2236067977, .1708203931, -.5257311126], [.527864046e-1, -.8944271908, 0.], [-.527864046e-1, .8944271908, 0.], [-.3944271908, -.1708203931, -.5257311126], [.3944271908, .1708203931, -.5257311126], [-.2236067977, -1.065247584, -.5257311126], [.2236067977, 1.065247584, -.5257311126], [.5000000000, 0., -1.051462225], [-.5000000000, 0., -1.051462225], [-.2236067977, -.4472135954, -1.376381922], [.2236067977, .4472135954, -1.376381922], [.527864046e-1, -.8944271908, -1.051462225], [-.527864046e-1, .8944271908, -1.051462225]]],
 
[[[1, 2, 5], [2, 1, 6], [1, 4, 6], [1, 3, 4], [3, 1, 7], [1, 5, 7], [7, 5, 11], [5, 3, 9], [2, 3, 5], [3, 2, 4], [4, 2, 8], [2, 6, 8], [8, 6, 12], [6, 4, 10], [4, 8, 10], [10, 8, 12], [10, 12, 18], [12, 6, 18], [6, 14, 18], [6, 13, 14], [13, 5, 14], [5, 13, 17], [13, 15, 17], [15, 13, 16], [13, 6, 16], [6, 10, 16], [16, 10, 18], [14, 16, 18], [14, 15, 16], [14, 5, 15], [5, 9, 15], [15, 9, 17], [9, 11, 17], [9, 7, 11], [3, 7, 9], [11, 5, 17]],[[.5000000000, 0., 0.], [-.5000000000, 0., 0.], [-.2236067977, .4472135954, .3249196966], [.2236067977, -.4472135954, .3249196966], [.2236067977, .1708203931, -.5257311126], [-.2236067977, -.1708203931, -.5257311126], [.527864046e-1, .8944271908, 0.], [-.527864046e-1, -.8944271908, 0.], [-.3944271908, .1708203931, -.5257311126], [.3944271908, -.1708203931, -.5257311126], [-.2236067977, 1.065247584, -.5257311126], [.2236067977, -1.065247584, -.5257311126], [.5000000000, 0., -1.051462225], [-.5000000000, 0., -1.051462225], [-.2236067977, .4472135954, -1.376381922], [.2236067977, -.4472135954, -1.376381922], [.527864046e-1, .8944271908, -1.051462225], [-.527864046e-1, -.8944271908, -1.051462225]]],
 
