[[[1, 2, 6], [1, 5, 7], [1, 3, 5], [3, 1, 4], [4, 1, 8], [1, 6, 8], [8, 6, 10], [6, 9, 10], [6, 4, 9], [2, 4, 6], [2, 3, 4], [3, 2, 5], [5, 2, 7], [7, 2, 15], [1, 7, 15], [13, 1, 15], [1, 13, 14], [1, 14, 17], [16, 1, 17], [2, 1, 16], [14, 2, 16], [14, 16, 18], [16, 10, 18], [10, 16, 17], [12, 10, 17], [8, 10, 12], [11, 8, 12], [9, 8, 11], [4, 8, 9], [10, 9, 11], [12, 11, 17], [17, 11, 18], [14, 17, 18], [11, 10, 18], [13, 2, 14], [2, 13, 15]],[[.5000000000, 0., 0.], [-.5000000000, 0., 0.], [-.2236067977, -.4472135954, .3249196966], [.2236067977, .4472135954, .3249196966], [.2236067977, -.1708203931, -.5257311126], [-.2236067977, .1708203931, -.5257311126], [-.2236067977, .5527864046, 0.], [.527864046e-1, .7236067977, -.5257311126], [-.3944271908, .4472135954, .3249196966], [-.6708203931, .8944271908, 0.], [.3291796069, .8944271908, 0.], [-.3944271908, 1.447213595, 0.], [-.2236067977, -.4472135954, -.3249196966], [.2236067977, .4472135954, -.3249196966], [.2236067977, -.1708203931, .5257311126], [-.2236067977, .1708203931, .5257311126], [.527864046e-1, .7236067977, .5257311126], [-.3944271908, .4472135954, -.3249196966]]],
 
[[[1, 2, 6], [1, 5, 7], [1, 3, 5], [3, 1, 4], [4, 1, 8], [1, 6, 8], [8, 6, 10], [6, 9, 10], [6, 4, 9], [2, 4, 6], [2, 3, 4], [3, 2, 5], [5, 2, 7], [7, 2, 15], [1, 7, 15], [13, 1, 15], [1, 13, 14], [1, 14, 17], [16, 1, 17], [2, 1, 16], [14, 2, 16], [14, 16, 18], [16, 10, 18], [10, 16, 17], [12, 10, 17], [8, 10, 12], [11, 8, 12], [9, 8, 11], [4, 8, 9], [10, 9, 11], [12, 11, 17], [17, 11, 18], [14, 17, 18], [11, 10, 18], [13, 2, 14], [2, 13, 15]],[[.5000000000, 0., 0.], [-.5000000000, 0., 0.], [-.2236067977, .4472135954, .3249196966], [.2236067977, -.4472135954, .3249196966], [.2236067977, .1708203931, -.5257311126], [-.2236067977, -.1708203931, -.5257311126], [-.2236067977, -.5527864046, 0.], [.527864046e-1, -.7236067977, -.5257311126], [-.3944271908, -.4472135954, .3249196966], [-.6708203931, -.8944271908, 0.], [.3291796069, -.8944271908, 0.], [-.3944271908, -1.447213595, 0.], [-.2236067977, .4472135954, -.3249196966], [.2236067977, -.4472135954, -.3249196966], [.2236067977, .1708203931, .5257311126], [-.2236067977, -.1708203931, .5257311126], [.527864046e-1, -.7236067977, .5257311126], [-.3944271908, -.4472135954, -.3249196966]]],
 
[[[1, 2, 6], [1, 5, 7], [1, 3, 5], [3, 1, 4], [4, 1, 8], [1, 6, 8], [8, 6, 10], [6, 9, 10], [6, 4, 9], [2, 4, 6], [2, 3, 4], [3, 2, 5], [5, 2, 7], [7, 2, 15], [1, 7, 15], [13, 1, 15], [1, 13, 14], [1, 14, 17], [16, 1, 17], [2, 1, 16], [14, 2, 16], [14, 16, 18], [16, 10, 18], [10, 16, 17], [12, 10, 17], [8, 10, 12], [11, 8, 12], [9, 8, 11], [4, 8, 9], [10, 9, 11], [12, 11, 17], [17, 11, 18], [14, 17, 18], [11, 10, 18], [13, 2, 14], [2, 13, 15]],[[.5000000000, 0., 0.], [-.5000000000, 0., 0.], [-.2432314691, .4368506065, .3708444415], [.2432314691, -.4368506065, .3708444415], [.2432314691, .2949973699, -.4912642913], [-.2432314691, -.2949973699, -.4912642913], [-.2432314691, -.5326415508, -.2113221045], [.1394164650, -.7928675233, -.4912642913], [-.3470464730, -.6510142859, .3708444415], [-.6038150040, -1.087864894, 0.], [.3961849957, -1.087864894, 0.], [-.3470464730, -1.620506445, -.2113221045], [-.1394164652, .610195470e-1, -.9307288148], [-.7259126768, .4829128997, -.3317419541], [-.6038150040, -.3560169173, -.8621087328], [.3181973209e-1, -.3212455204, -.909022548e-1], [-.829727681, -.6049519945, -.3317419541], [-.2432314691, -1.026845345, -.9307288148]]],
 
[[[1, 2, 5], [2, 1, 6], [6, 1, 10], [1, 8, 10], [1, 4, 8], [1, 3, 4], [3, 1, 7], [7, 1, 9], [1, 5, 9], [9, 5, 11], [5, 3, 7], [2, 3, 5], [3, 2, 4], [4, 2, 6], [4, 6, 8], [6, 10, 12], [10, 8, 12], [12, 8, 18], [8, 13, 18], [13, 6, 18], [6, 13, 14], [13, 5, 14], [5, 13, 17], [13, 7, 17], [7, 13, 15], [15, 13, 16], [13, 8, 16], [8, 6, 16], [6, 14, 16], [14, 15, 16], [14, 5, 15], [5, 7, 15], [7, 11, 17], [7, 9, 11], [11, 5, 17], [6, 12, 18]],[[.5000000000, 0., 0.], [-.5000000000, 0., 0.], [0., .5000000000, 1.029085514], [0., -.5000000000, 1.029085514], [0., 1.118033988, .242934135], [0., -1.118033988, .242934135], [1.118033988, .6180339880, .485868271], [1.118033988, -.6180339880, .485868271], [.6180339880, 1.118033988, -.543217243], [.6180339880, -1.118033988, -.543217243], [1.118033988, 1.618033988, .485868271], [1.118033988, -1.618033988, .485868271], [.354101966, 0., .67145344], [-.555728092, 0., .25647238], [.326237920, .5000000000, -.47233002], [.326237920, -.5000000000, -.47233002], [.236067977, 1.118033988, 1.21467067], [.236067977, -1.118033988, 1.21467067]]],
 
[[[1, 2, 5], [2, 1, 6], [6, 1, 10], [1, 8, 10], [1, 4, 8], [1, 3, 4], [3, 1, 7], [7, 1, 9], [1, 5, 9], [9, 5, 11], [5, 3, 7], [2, 3, 5], [3, 2, 4], [4, 2, 6], [4, 6, 8], [6, 10, 12], [10, 8, 12], [12, 8, 18], [8, 13, 18], [13, 6, 18], [6, 13, 14], [13, 5, 14], [5, 13, 17], [13, 7, 17], [7, 13, 15], [15, 13, 16], [13, 8, 16], [8, 6, 16], [6, 14, 16], [14, 15, 16], [14, 5, 15], [5, 7, 15], [7, 11, 17], [7, 9, 11], [11, 5, 17], [6, 12, 18]],[[.5000000000, 0., 0.], [-.5000000000, 0., 0.], [0., .5000000000, .2429341356], [0., -.5000000000, .2429341356], [0., -.118033988, -.5432172410], [0., .118033988, -.5432172410], [-.118033988, .6180339880, -.4858682712], [-.118033988, -.6180339880, -.4858682712], [.6180339880, .645898034, -.3576320752], [.6180339880, -.645898034, -.3576320752], [.645898034, .90169942e-1, -.857038603], [.645898034, -.90169942e-1, -.857038603], [-.118033988, 0., -1.272019648], [-.736067977, 0., -.4858682712], [-.6180339880, .5000000000, -1.029085512], [-.6180339880, -.5000000000, -1.029085512], [.236067977, .645898034, -1.143783452], [.236067977, -.645898034, -1.143783452]]],
 
[[[1, 2, 5], [2, 1, 6], [6, 1, 8], [1, 4, 8], [1, 3, 4], [3, 1, 7], [7, 1, 9], [1, 5, 9], [9, 5, 11], [5, 3, 7], [2, 3, 5], [3, 2, 4], [4, 2, 6], [4, 6, 10], [8, 4, 10], [8, 10, 12], [10, 6, 12], [12, 6, 18], [6, 16, 18], [6, 14, 16], [6, 13, 14], [13, 5, 14], [5, 13, 17], [13, 7, 17], [7, 13, 15], [15, 13, 16], [13, 8, 16], [6, 8, 13], [16, 8, 18], [8, 12, 18], [14, 15, 16], [14, 5, 15], [5, 7, 15], [7, 11, 17], [7, 9, 11], [11, 5, 17]],[[.5000000000, 0., 0.], [-.5000000000, 0., 0.], [0., .5000000000, .2429341356], [0., -.5000000000, .2429341356], [0., -.118033988, -.5432172410], [0., .118033988, -.5432172410], [-.118033988, .6180339880, -.4858682712], [-.118033988, -.6180339880, -.4858682712], [.6180339880, .645898034, -.3576320752], [-.354101966, .145898034, .1146979396], [.645898034, .90169942e-1, -.857038603], [-.763932023, -.409830058, -.172046909], [-.118033988, 0., -1.272019648], [-.736067977, 0., -.4858682712], [-.6180339880, .5000000000, -1.029085512], [-.6180339880, -.5000000000, -1.029085512], [.236067977, .645898034, -1.143783452], [-.736067977, .145898034, -.6714534370]]],
 
[[[1, 2, 5], [2, 1, 6], [6, 1, 8], [1, 4, 8], [1, 3, 4], [3, 1, 7], [1, 5, 7], [7, 5, 9], [5, 3, 9], [2, 3, 5], [3, 2, 4], [4, 2, 6], [4, 6, 10], [4, 10, 12], [8, 4, 12], [6, 8, 10], [10, 8, 18], [8, 13, 18], [13, 14, 18], [14, 13, 17], [13, 7, 17], [7, 13, 15], [15, 13, 16], [13, 8, 16], [8, 12, 16], [12, 10, 16], [16, 10, 18], [14, 16, 18], [14, 15, 16], [15, 14, 17], [9, 15, 17], [7, 9, 17], [3, 9, 11], [7, 3, 11], [7, 11, 15], [11, 9, 15]],[[.5000000000, 0., 0.], [-.5000000000, 0., 0.], [0., .5000000000, .3716065300+.1878888086e-9*I], [0., -.5000000000, .3716065300+.1878888086e-9*I], [0., .2116437431-.6603585837e-9*I, -.5859166655-.122e-8*I], [0., -.2116437431+.6603585837e-9*I, -.5859166655-.122e-8*I], [.2116437431-.6603585837e-9*I, .9168506697-.1890537876e-8*I, -.2761078052-.220e-8*I], [.2116437431-.6603585837e-9*I, -.9168506697+.1890537876e-8*I, -.2761078052-.220e-8*I], [-.6220575963+.1920717167e-8*I, .3880914132+.1396414163e-9*I, -.1168729784+.31e-8*I], [-.6220575963+.1920717167e-8*I, -.3880914132-.1396414163e-9*I, -.1168729784+.31e-8*I], [-.5287592552+.2030179292e-8*I, 1.181230296-.1855627521e-8*I, -.1346927228+.336e-8*I], [-.5287592552+.2030179292e-8*I, -1.181230296+.1855627521e-8*I, -.1346927228+.336e-8*I], [.3779424041+.8707171674e-9*I, 0., -.639053541+.1019508021e-7*I], [-.551665450-.31e-8*I, 0., -.270503365-.1044739666e-7*I], [-.2238171727+.2792828326e-9*I, .5000000000, -.8002268025-.28e-8*I], [-.2238171727+.2792828326e-9*I, -.5000000000, -.8002268025-.28e-8*I], [.1290781683+.2179282833e-8*I, .2116437431-.6603585837e-9*I, .89894282e-1+.4683796907e-8*I], [.1290781683+.2179282833e-8*I, -.2116437431+.6603585837e-9*I, .89894282e-1+.4683796907e-8*I]]],
 
[[[1, 2, 5], [2, 1, 6], [6, 1, 8], [1, 4, 8], [1, 3, 4], [3, 1, 7], [1, 5, 7], [7, 5, 9], [5, 3, 9], [2, 3, 5], [3, 2, 4], [4, 2, 6], [4, 6, 10], [8, 4, 10], [8, 10, 12], [6, 8, 12], [6, 10, 15], [14, 6, 15], [13, 6, 14], [13, 14, 16], [13, 16, 17], [3, 13, 17], [13, 3, 15], [13, 15, 18], [6, 13, 18], [12, 6, 18], [10, 12, 18], [15, 10, 18], [3, 14, 15], [14, 3, 16], [3, 9, 16], [3, 7, 11], [7, 9, 11], [11, 9, 17], [9, 16, 17], [3, 11, 17]],[[.5000000000, 0., 0.], [-.5000000000, 0., 0.], [.4135679524+0.*I, .2810009800+.4e-9*I, .4304845597+.1156684877e-9*I], [-.4135679524+0.*I, -.2810009800-.4e-9*I, .4304845597+.1156684877e-9*I], [-.4135679524+0.*I, .5071712688-.13e-8*I, -.839988653e-1+.2e-9*I], [.4135679524+0.*I, -.5071712688+.13e-8*I, -.839988653e-1+.2e-9*I], [-.5704565868e-1+.30e-9*I, .733341559-.1e-8*I, -.3897567047+.18e-8*I], [-.5704565868e-1+.30e-9*I, -.2086238300+.61e-9*I, .8038508770+.3e-9*I], [.4135679524+0.*I, .798871177-.3e-8*I, .490145958-.35e-8*I], [.4135679524+0.*I, -.9012573923+.8e-9*I, .2572417123+0.*I], [.4135679524+0.*I, .558578195+.7e-8*I, -.5302187779-.26e-8*I], [.4135679524+0.*I, .1302703765e-1+.128e-8*I, .7700466385-.27e-9*I], [.3271359052+.6e-10*I, 0., 0.], [1.327135905+.6e-10*I, 0., 0.], [1.240703858-.1e-9*I, -.2810009800-.4e-9*I, .4304845597+.1156684877e-9*I], [1.240703858-.1e-9*I, .5071712688-.13e-8*I, -.839988653e-1+.2e-9*I], [.8841815635-.3e-9*I, .733341559-.1e-8*I, -.3897567047+.18e-8*I], [.8841815635-.3e-9*I, -.2086238300+.61e-9*I, .8038508770+.3e-9*I]]],
 
[[[1, 2, 5], [2, 1, 6], [6, 1, 8], [1, 4, 8], [1, 3, 4], [3, 1, 7], [1, 5, 7], [7, 5, 9], [5, 3, 9], [2, 3, 5], [3, 2, 4], [4, 2, 6], [4, 6, 10], [8, 4, 10], [8, 10, 12], [6, 8, 12], [6, 10, 15], [14, 6, 15], [13, 6, 14], [13, 14, 16], [13, 16, 17], [3, 13, 17], [13, 3, 15], [13, 15, 18], [6, 13, 18], [12, 6, 18], [10, 12, 18], [15, 10, 18], [3, 14, 15], [14, 3, 16], [3, 9, 16], [3, 7, 11], [7, 9, 11], [11, 9, 17], [9, 16, 17], [3, 11, 17]],[[.5000000000, 0., 0.], [-.5000000000, 0., 0.], [-.1574572909-.5e-9*I, .4745600102+.103e-8*I, .5778995159-.4923594267e-10*I], [.1574572909+.5e-9*I, -.4745600102-.103e-8*I, .5778995159-.4923594267e-10*I], [.1574572909+.5e-9*I, .6591657227+.17e-8*I, -.3530943276-.7e-9*I], [-.1574572909-.5e-9*I, -.6591657227-.17e-8*I, -.3530943276-.7e-9*I], [.5760417829-.1e-10*I, .843771435+.287e-8*I, .5312884487-.18e-8*I], [.5760417829-.1e-10*I, -.9826562538-.2397e-8*I, -.1691281760-.11e-8*I], [-.1574572909-.5e-9*I, 1.310886669+.4e-9*I, .37545122e-1+.6e-8*I], [-.1574572909-.5e-9*I, -1.226028588-.299e-8*I, .4654969219+.3e-9*I], [-.1574572909-.5e-9*I, 1.436725760+.35e-8*I, .850364341+.4e-8*I], [-.1574572909-.5e-9*I, -1.652497763-.3987e-8*I, -.2378057185+.2e-9*I], [-.8149145818-.6e-9*I, 0., 0.], [.1850854181-.6e-9*I, 0., 0.], [-.4723718730-.9e-9*I, -.4745600102-.103e-8*I, .5778995159-.4923594267e-10*I], [-.4723718730-.9e-9*I, .6591657227+.17e-8*I, -.3530943276-.7e-9*I], [-.8909563649-.7e-9*I, .843771435+.287e-8*I, .5312884487-.18e-8*I], [-.8909563649-.7e-9*I, -.9826562538-.2397e-8*I, -.1691281760-.11e-8*I]]],
 
[[[1, 2, 5], [2, 1, 6], [6, 1, 8], [1, 4, 8], [1, 3, 4], [3, 1, 7], [1, 5, 7], [7, 5, 9], [5, 3, 9], [2, 3, 5], [3, 2, 4], [4, 2, 6], [4, 6, 10], [8, 4, 10], [8, 10, 12], [6, 8, 12], [6, 10, 15], [14, 6, 15], [13, 6, 14], [13, 14, 16], [13, 16, 17], [3, 13, 17], [13, 3, 15], [13, 15, 18], [6, 13, 18], [12, 6, 18], [10, 12, 18], [15, 10, 18], [3, 14, 15], [14, 3, 16], [3, 9, 16], [3, 7, 11], [7, 9, 11], [11, 9, 17], [9, 16, 17], [3, 11, 17]],[[.5000000000, 0., 0.], [-.5000000000, 0., 0.], [-.2978096915+0.*I, .4016333982-.208e-8*I, .1731165972-.8840709306e-9*I], [.2978096915+0.*I, -.4016333982+.208e-8*I, .1731165972-.8840709306e-9*I], [.2978096915+0.*I, -.1499233710+.7656278848e-9*I, -.4108548716+.195e-8*I], [-.2978096915+0.*I, .1499233710-.7656278848e-9*I, -.4108548716+.195e-8*I], [-.2978096915+0.*I, .5274884118-.27e-8*I, -.2919857344+.142e-8*I], [-.2978096915+0.*I, -.3216010266+.174e-8*I, -.5099730123+.261e-8*I], [.201449507e-1-.66e-9*I, -.4027904345+.202e-8*I, -.1089936390+.6022822674e-9*I], [.201449507e-1-.66e-9*I, -.8583882779e-1+.51e-9*I, .4083521067-.226e-8*I], [-.2978096915+0.*I, -.3649417068+.169e-8*I, -.4690380579+.236e-8*I], [-.2978096915+0.*I, -.4474560402+.25e-8*I, .3911038753-.2065035465e-8*I], [-1.095619384-.1e-9*I, 0., 0.], [-.9561938291e-1-.1e-9*I, 0., 0.], [-.8934290743-.18e-9*I, -.4016333982+.208e-8*I, .1731165972-.8840709306e-9*I], [-.8934290743-.18e-9*I, -.1499233710+.7656278848e-9*I, -.4108548716+.195e-8*I], [-.6157643334+.46e-9*I, -.4027904345+.202e-8*I, -.1089936390+.6022822674e-9*I], [-.6157643334+.46e-9*I, -.8583882779e-1+.51e-9*I, .4083521067-.226e-8*I]]],
 
[[[1, 2, 5], [2, 1, 6], [6, 1, 8], [1, 4, 8], [1, 3, 4], [3, 1, 7], [1, 5, 7], [7, 5, 9], [5, 3, 9], [2, 3, 5], [3, 2, 4], [4, 2, 6], [4, 6, 10], [8, 4, 10], [8, 10, 12], [6, 8, 12], [6, 10, 15], [14, 6, 15], [13, 6, 14], [13, 14, 16], [13, 16, 17], [3, 13, 17], [13, 3, 15], [13, 15, 18], [6, 13, 18], [12, 6, 18], [10, 12, 18], [15, 10, 18], [3, 14, 15], [14, 3, 16], [3, 9, 16], [3, 7, 11], [7, 9, 11], [11, 9, 17], [9, 16, 17], [3, 11, 17]],[[.5000000000, 0., 0.], [-.5000000000, 0., 0.], [.2179201845+.19e-9*I, .4500119921+.5138316145e-9*I, .4014383902+.2984960433e-9*I], [-.2179201845-.19e-9*I, -.4500119921-.5138316145e-9*I, .4014383902+.2984960433e-9*I], [-.2179201845-.19e-9*I, .3476558440+.2585051564e-9*I, -.4927463732+.18e-9*I], [.2179201845+.19e-9*I, -.3476558440-.2585051564e-9*I, -.4927463732+.18e-9*I], [.2179201845+.19e-9*I, .8488459101+.9e-9*I, -.4470923818-.6e-10*I], [.2179201845+.19e-9*I, -.9279209431-.6e-9*I, .2437082283+.10e-8*I], [-.3812125989+.52e-9*I, .7348492044+.4470103128e-9*I, .3454003048+.4896240108e-9*I], [-.3812125989+.52e-9*I, -.6377883933-.5292525781e-9*I, -.5025243170-.6e-9*I], [.2179201845+.19e-9*I, 1.357824430+.7185524091e-9*I, -.1793802392e-1+.4e-9*I], [.2179201845+.19e-9*I, -1.326754861-.1186168385e-8*I, -.2893622200-.6797519784e-9*I], [-.6415963103e-1+.5e-9*I, 0., 0.], [.9358403685+.5e-9*I, 0., 0.], [.6537605535+.8e-9*I, -.4500119921-.5138316145e-9*I, .4014383902+.2984960433e-9*I], [.6537605535+.8e-9*I, .3476558440+.2585051564e-9*I, -.4927463732+.18e-9*I], [.8170529681-.2e-9*I, .7348492044+.4470103128e-9*I, .3454003048+.4896240108e-9*I], [.8170529681-.2e-9*I, -.6377883933-.5292525781e-9*I, -.5025243170-.6e-9*I]]],
 
[[[1, 2, 5], [2, 1, 6], [6, 1, 8], [1, 4, 8], [1, 3, 4], [3, 1, 7], [1, 5, 7], [7, 5, 9], [5, 3, 9], [2, 3, 5], [3, 2, 4], [4, 2, 6], [4, 6, 10], [8, 4, 10], [8, 10, 12], [6, 8, 12], [6, 10, 15], [14, 6, 15], [13, 6, 14], [13, 14, 16], [13, 16, 17], [3, 13, 17], [13, 3, 15], [13, 15, 18], [6, 13, 18], [12, 6, 18], [10, 12, 18], [15, 10, 18], [3, 14, 15], [14, 3, 16], [3, 9, 16], [3, 7, 11], [7, 9, 11], [11, 9, 17], [9, 16, 17], [3, 11, 17]],[[.5000000000, 0., 0.], [-.5000000000, 0., 0.], [.3611395070-.1e-9*I, .3458008919-.1e-8*I, 1.038464786-.3198912525e-10*I], [-.3611395070+.1e-9*I, -.3458008919+.1e-8*I, 1.038464786-.3198912525e-10*I], [-.3611395070+.1e-9*I, .8993368861-.2770339512e-10*I, .6238433577-.5e-9*I], [.3611395070-.1e-9*I, -.8993368861+.2770339512e-10*I, .6238433577-.5e-9*I], [.3611395070-.1e-9*I, .9683697807-.3e-8*I, -.2073107142-.2e-9*I], [.3611395070-.1e-9*I, .4712313012+.2e-8*I, .8710102321-.14e-8*I], [1.017317648+.2e-9*I, 1.078873231+.1e-9*I, .5391604733-.7959972813e-9*I], [1.017317648+.2e-9*I, -.2140527925+.11e-8*I, 1.186946868+.1e-8*I], [.3611395070-.1e-9*I, -.8080100934e-1-.5e-9*I, .1340252808-.13e-8*I], [.3611395070-.1e-9*I, -.1513375878+.2e-8*I, -.398561602e-1+.1554005437e-8*I], [.2222790138-.4e-9*I, 0., 0.], [1.222279014-.4e-9*I, 0., 0.], [1.083418521-.6e-9*I, -.3458008919+.1e-8*I, 1.038464786-.3198912525e-10*I], [1.083418521-.6e-9*I, .8993368861-.2770339512e-10*I, .6238433577-.5e-9*I], [-.2950386346-.7e-9*I, 1.078873231+.1e-9*I, .5391604733-.7959972813e-9*I], [-.2950386346-.7e-9*I, -.2140527925+.11e-8*I, 1.186946868+.1e-8*I]]],
 
[[[1, 2, 5], [2, 1, 6], [6, 1, 8], [1, 4, 8], [1, 3, 4], [3, 1, 7], [1, 5, 7], [7, 5, 9], [5, 3, 9], [2, 3, 5], [3, 2, 4], [4, 2, 6], [4, 6, 10], [8, 4, 10], [8, 10, 12], [6, 8, 12], [6, 10, 15], [14, 6, 15], [13, 6, 14], [13, 14, 16], [13, 16, 17], [3, 13, 17], [13, 3, 15], [13, 15, 18], [6, 13, 18], [12, 6, 18], [10, 12, 18], [15, 10, 18], [3, 14, 15], [14, 3, 16], [3, 9, 16], [3, 7, 11], [7, 9, 11], [11, 9, 17], [9, 16, 17], [3, 11, 17]],[[.5000000000, 0., 0.], [-.5000000000, 0., 0.], [.3399779945+.3e-9*I, .3666264635+.5e-9*I, .2795643643+.1117216767e-8*I], [-.3399779945-.3e-9*I, -.3666264635-.5e-9*I, .2795643643+.1117216767e-8*I], [-.3399779945-.3e-9*I, .1725649953-.20e-8*I, -.4275424176-.122e-8*I], [.3399779945+.3e-9*I, -.1725649953+.20e-8*I, -.4275424176-.122e-8*I], [-.1046362847+.57e-9*I, .5848622161-.19e-8*I, -.5406950641-.11e-8*I], [-.1046362847+.57e-9*I, -.7789236818+.50e-9*I, .1664117187+.13e-8*I], [-.1046362847+.57e-9*I, .4693464207+.4e-8*I, .4526105832-.2e-9*I], [-.1046362847+.57e-9*I, -.1725649953+.20e-8*I, -.6287795442-.27e-8*I], [-.1046362847+.57e-9*I, 1.024345126+.37e-8*I, -.3284852267-.25e-8*I], [-.1046362847+.57e-9*I, -1.048519411+.110e-8*I, -.2404007455-.13e-8*I], [-.7092725697+.117e-8*I, 0., 0.], [.2907274304+.117e-8*I, 0., 0.], [-.5492505642+.56e-9*I, .3666264635+.5e-9*I, .2795643643+.1117216767e-8*I], [.1307054254+.13e-8*I, -.3666264635-.5e-9*I, .2795643643+.1117216767e-8*I], [.1307054254+.13e-8*I, .1725649953-.20e-8*I, -.4275424176-.122e-8*I], [-.5492505642+.56e-9*I, -.1725649953+.20e-8*I, -.4275424176-.122e-8*I]]],
 
[[[1, 2, 5], [2, 1, 6], [6, 1, 8], [1, 4, 8], [1, 3, 4], [3, 1, 7], [1, 5, 7], [7, 5, 9], [5, 3, 9], [2, 3, 5], [3, 2, 4], [4, 2, 6], [8, 4, 10], [6, 8, 10], [6, 10, 17], [13, 6, 17], [6, 13, 14], [14, 13, 16], [13, 7, 16], [7, 13, 15], [13, 4, 15], [4, 13, 17], [10, 4, 17], [4, 14, 15], [15, 14, 16], [9, 15, 16], [7, 9, 16], [7, 11, 12], [7, 3, 11], [3, 9, 11], [11, 9, 12], [12, 9, 18], [9, 15, 18], [15, 7, 18], [7, 12, 18], [4, 6, 14]],[[.5000000000, 0., 0.], [-.5000000000, 0., 0.], [-.2621540217+.3e-9*I, .4257643360+0.*I, .6183562231-.4674502278e-9*I], [.2621540217-.3e-9*I, -.4257643360+0.*I, .6183562231-.4674502278e-9*I], [.2621540217-.3e-9*I, .7295633404-.1e-9*I, -.1771356007+.7e-9*I], [-.2621540217+.3e-9*I, -.7295633404+.1e-9*I, -.1771356007+.7e-9*I], [.4837946376+.5e-9*I, .5270306706-.14e-9*I, .8496917443-.2e-9*I], [.4837946376+.5e-9*I, -.9592545573+.26e-9*I, -.2820781512+.8e-9*I], [.2181801567+.3e-9*I, 1.335310933-.50e-9*I, .3242091416-.8e-9*I], [.2181801567+.3e-9*I, -1.211495186+.37e-9*I, .6484182825-.16e-8*I], [-.1866277035-.5e-9*I, 1.347133772-.46e-9*I, .9996358315-.4e-9*I], [.7694688615+.2e-9*I, 1.158400433-.4e-9*I, 1.223821213-.1e-9*I], [-.3454595309+.2e-8*I, .676482369e-1-.7e-10*I, .5314068020-.2934900456e-8*I], [.81616339e-1+.2e-8*I, -.46537199e-1-.2e-9*I, -.365570283+.760518110e-9*I], [.5833055087-.7e-9*I, .3581160994-.49e-9*I, .869494210e-1+.2e-8*I], [-.319462317-.36e-8*I, .7761005392+0.*I, .188434682+.1e-9*I], [-.7010891497+.9e-9*I, -.8644477734+.41e-9*I, .4626710431+.4e-9*I], [.9982560850-.8e-9*I, 1.252326987-.3e-9*I, .2548866384-.2e-9*I]]],
 
[[[1, 2, 5], [2, 1, 6], [6, 1, 8], [1, 4, 8], [1, 3, 4], [3, 1, 7], [1, 5, 7], [7, 5, 9], [5, 3, 9], [2, 3, 5], [3, 2, 4], [4, 2, 6], [8, 4, 10], [6, 8, 10], [6, 10, 17], [13, 6, 17], [6, 13, 14], [14, 13, 16], [13, 7, 16], [7, 13, 15], [13, 4, 15], [4, 13, 17], [10, 4, 17], [4, 14, 15], [15, 14, 16], [9, 15, 16], [7, 9, 16], [7, 11, 12], [7, 3, 11], [3, 9, 11], [11, 9, 12], [12, 9, 18], [9, 15, 18], [15, 7, 18], [7, 12, 18], [4, 6, 14]],[[.5000000000, 0., 0.], [-.5000000000, 0., 0.], [.910090484e-1+.4e-9*I, .4916475907+.1e-9*I, .2367649992+.8087433129e-8*I], [-.910090484e-1-.4e-9*I, -.4916475907-.1e-9*I, .2367649992+.8087433129e-8*I], [-.910090484e-1-.4e-9*I, -.121426927+.21e-8*I, -.5320061241-.1814e-7*I], [.910090484e-1+.4e-9*I, .121426927-.21e-8*I, -.5320061241-.1814e-7*I], [-.1359638067+.9e-9*I, .5590344487-.2e-8*I, -.5320061241-.1814e-7*I], [-.1359638067+.9e-9*I, -.6430644933-.2e-8*I, -.4266357867-.144e-7*I], [-.3179819030+.5e-9*I, -.540400669e-1-.2e-8*I, .2367649992+.8087433129e-8*I], [-.3179819030+.5e-9*I, .2428538535-.2e-8*I, 0.], [-.7469796036-.2e-9*I, .370220665+.13e-8*I, -.2952411249-.1005e-7*I], [.910090484e-1+.4e-9*I, -.1754669931-.2e-9*I, -.2952411249-.1005e-7*I], [-.3179819030+.5e-9*I, -.424260729-.4e-8*I, -.5320061241-.1814e-7*I], [-.1359638067+.9e-9*I, .188813786-.6e-8*I, .2367649992+.8087433129e-8*I], [-.7269728549+.9e-9*I, .673868602e-1-.2e-8*I, -.2952411249-.1005e-7*I], [.2730271455+.9e-9*I, .673868602e-1-.2e-8*I, -.2952411249-.1005e-7*I], [.5200067485+.8e-9*I, -.302833804-.3e-8*I, 0.], [-.910090484e-1-.4e-9*I, .7104513527-.4e-9*I, .1313946617+.44e-8*I]]],
 
[[[1, 2, 5], [2, 1, 6], [6, 1, 8], [1, 4, 8], [1, 3, 4], [3, 1, 7], [1, 5, 7], [7, 5, 9], [5, 3, 9], [2, 3, 5], [3, 2, 4], [4, 2, 6], [8, 4, 10], [6, 8, 10], [6, 10, 17], [13, 6, 17], [6, 13, 14], [14, 13, 16], [13, 7, 16], [7, 13, 15], [13, 4, 15], [4, 13, 17], [10, 4, 17], [4, 14, 15], [15, 14, 16], [9, 15, 16], [7, 9, 16], [7, 11, 12], [7, 3, 11], [3, 9, 11], [11, 9, 12], [12, 9, 18], [9, 15, 18], [15, 7, 18], [7, 12, 18], [4, 6, 14]],[[.5000000000, 0., 0.], [-.5000000000, 0., 0.], [.2369762291-.34e-9*I, .4402752179+0.*I, .5520876605-.2601246010e-8*I], [-.2369762291+.34e-9*I, -.4402752179+0.*I, .5520876605-.2601246010e-8*I], [-.2369762291+.34e-9*I, .6362161241-.10e-8*I, -.3063855368+.18e-8*I], [.2369762291-.34e-9*I, -.6362161241+.10e-8*I, -.3063855368+.18e-8*I], [.4479049157-.150e-8*I, .9504809298+.48e-8*I, -.3063855368+.18e-8*I], [.4479049157-.150e-8*I, -.7234180322+.38e-8*I, .6884420518-.32e-8*I], [-.2604754166e-1-.65e-9*I, 1.146421837+.15e-8*I, .5520876605-.2601246010e-8*I], [-.2604754166e-1-.65e-9*I, -1.272432247+.1e-9*I, 0.], [.9450418676+.9e-9*I, 1.076491344-.31e-8*I, .2457021237-.8e-9*I], [.2369762291-.34e-9*I, 1.782637961+.6e-9*I, .2457021237-.8e-9*I], [-.2604754166e-1-.65e-9*I, .69930494e-1+.20e-8*I, -.3063855368+.18e-8*I], [.4479049157-.150e-8*I, -.126010411+.22e-8*I, .5520876605-.2601246010e-8*I], [-.2890713125-.101e-8*I, .5102057142+.25e-8*I, .2457021237-.8e-9*I], [.7109286875-.101e-8*I, .5102057142+.25e-8*I, .2457021237-.8e-9*I], [-.7341131790-.16e-8*I, -.5662856282+.33e-8*I, 0.], [-.2369762291+.34e-9*I, 1.233623745+.62e-9*I, -.4427399282+.26e-8*I]]],
 
[[[1, 2, 5], [2, 1, 6], [6, 1, 8], [1, 4, 8], [1, 3, 4], [3, 1, 7], [1, 5, 7], [7, 5, 9], [5, 3, 9], [2, 3, 5], [3, 2, 4], [4, 2, 6], [8, 4, 10], [6, 8, 10], [6, 10, 17], [13, 6, 17], [6, 13, 14], [14, 13, 16], [13, 7, 16], [7, 13, 15], [13, 4, 15], [4, 13, 17], [10, 4, 17], [4, 14, 15], [15, 14, 16], [9, 15, 16], [7, 9, 16], [7, 11, 12], [7, 3, 11], [3, 9, 11], [11, 9, 12], [12, 9, 18], [9, 15, 18], [15, 7, 18], [7, 12, 18], [4, 6, 14]],[[.5000000000, 0., 0.], [-.5000000000, 0., 0.], [.3346811598-.4e-10*I, .3714680625-.24e-9*I, .2429024732+.1401423804e-8*I], [-.3346811598+.4e-10*I, -.3714680625+.24e-9*I, .2429024732+.1401423804e-8*I], [-.3346811598+.4e-10*I, .735738054e-1-.6e-9*I, -.4376951328-.265e-8*I], [.3346811598-.4e-10*I, -.735738054e-1+.6e-9*I, -.4376951328-.265e-8*I], [-.1693623196+0.*I, .5040434793+.1e-9*I, -.5457969031-.30e-8*I], [-.1693623196+0.*I, -.7429361248+.44e-9*I, 0.], [-.957885143e-1-.5e-9*I, .3387246394+0.*I, .4376951328+.265e-8*I], [-.957885143e-1-.5e-9*I, .9174503493e-1+.54e-9*I, -.5457969031-.30e-8*I], [-.3346811598+.4e-10*I, .8755115418-.3e-9*I, -.3028944299-.16e-8*I], [-.4082549651+.54e-9*I, .408303819e-1-.1e-9*I, .2429024732+.1401423804e-8*I], [-.8387246391-.1e-10*I, -.2388926455+.6e-9*I, -.5457969031-.30e-8*I], [-.1693623196+0.*I, .590016115e-1+.12e-8*I, .1348007028+.10e-8*I], [-1.004043479-.1e-9*I, .1325754168+.4e-9*I, -.3028944299-.16e-8*I], [-.40434798e-2-.1e-9*I, .1325754168+.4e-9*I, -.3028944299-.16e-8*I], [-.4082549651+.54e-9*I, -.2061492220+.19e-9*I, -.7405895627-.449e-8*I], [-.8387246391-.1e-10*I, .2061492220-.18e-9*I, .1348007028+.10e-8*I]]],
 
[[[1, 2, 5], [2, 1, 6], [6, 1, 8], [1, 4, 8], [1, 3, 4], [3, 1, 7], [1, 5, 7], [7, 5, 9], [5, 3, 9], [2, 3, 5], [3, 2, 4], [4, 2, 6], [8, 4, 10], [6, 8, 10], [6, 10, 17], [13, 6, 17], [6, 13, 14], [14, 13, 16], [13, 7, 16], [7, 13, 15], [13, 4, 15], [4, 13, 17], [10, 4, 17], [4, 14, 15], [15, 14, 16], [9, 15, 16], [7, 9, 16], [7, 11, 12], [7, 3, 11], [3, 9, 11], [11, 9, 12], [12, 9, 18], [9, 15, 18], [15, 7, 18], [7, 12, 18], [4, 6, 14]],[[.5000000000, 0., 0.], [-.5000000000, 0., 0.], [-.3514229370-.28e-9*I, .3556710837-.3715e-8*I, .6707602856-.1628692632e-8*I], [.3514229370+.25e-9*I, -.3556710838+.377e-8*I, .6707602856-.1628692632e-8*I], [.3514229370+.25e-9*I, .7547897017-.1127e-7*I, .8193772333e-1+.8203586579e-8*I], [-.3514229370-.28e-9*I, -.7547897017+.1127e-7*I, .8193772333e-1+.8203586579e-8*I], [.289917581+.52e-8*I, .4949348357e-1-.119e-8*I, .9764301153+.1203586579e-7*I], [.289917581+.52e-8*I, -.9253173061+.116e-7*I, -.315679052+.8544832237e-8*I], [.596493562+.39e-8*I, .980856737-.92e-8*I, .7800283411-.1832331276e-7*I], [.596493562+.39e-8*I, -1.087844306+.103e-7*I, .6221888119-.1505089664e-7*I], [-.20334964e-1-.9e-8*I, 1.118461390-.1209e-7*I, 1.226216593-.4942354407e-8*I], [.381294681-.23e-7*I, .329771408-.71e-8*I, 1.691685975+.3215440128e-7*I], [-.2569433805-.39e-8*I, -.2667099710+.346e-8*I, .201215011-.34e-7*I], [.416956304+.160e-7*I, .3230907300-.537e-8*I, -.243750548+.38e-7*I], [.4055204413+.40e-8*I, .6223810541-.69e-8*I, .469545269+.34e-7*I], [-.565533367-.159e-7*I, .431698974-.61e-8*I, .325688284-.2575422289e-7*I], [.7984652261-.3442e-8*I, -.349625137+.65e-8*I, -.223732103-.5460971842e-8*I], [-.5533946037+.824e-8*I, .5756921678-.44e-8*I, 1.085698169-.7858754343e-8*I]]],
 
[[[1, 2, 5], [2, 1, 6], [6, 1, 8], [1, 4, 8], [1, 3, 4], [3, 1, 7], [1, 5, 7], [7, 5, 9], [5, 3, 9], [2, 3, 5], [3, 2, 4], [4, 2, 6], [8, 4, 10], [6, 8, 10], [6, 10, 17], [13, 6, 17], [6, 13, 14], [14, 13, 16], [13, 7, 16], [7, 13, 15], [13, 4, 15], [4, 13, 17], [10, 4, 17], [4, 14, 15], [15, 14, 16], [9, 15, 16], [7, 9, 16], [7, 11, 12], [7, 3, 11], [3, 9, 11], [11, 9, 12], [12, 9, 18], [9, 15, 18], [15, 7, 18], [7, 12, 18], [4, 6, 14]],[[.5000000000, 0., 0.], [-.5000000000, 0., 0.], [.1533108324+.108e-8*I, .4759157366-.74e-9*I, 1.456534126+.6708409326e-9*I], [-.1533108324-.108e-8*I, -.4759157367+.68e-9*I, 1.456534126+.6708409326e-9*I], [-.1533108324-.108e-8*I, 1.244112644-.3e-8*I, .894522866-.5e-8*I], [.1533108324+.108e-8*I, -1.244112644+.3e-8*I, .894522866-.5e-8*I], [1.137177156+.8e-9*I, .7574892899+.9e-9*I, .142180329-.18e-7*I], [1.137177156+.8e-9*I, .93807414e-1+.4e-8*I, .764987223-.6e-8*I], [1.505463848+.31e-8*I, 1.128889992-.1e-9*I, .994486875+.4e-8*I], [1.505463848+.31e-8*I, -.606070550+.4e-8*I, 1.376980486+.7e-8*I], [.706552027+0.*I, -.317769639-.5e-8*I, 1.203576164+.63e-8*I], [1.701067904-.6e-8*I, -.419118787-.3e-8*I, 1.177758970-.35e-7*I], [.6193834065+.56e-8*I, .9213722371+.18e-8*I, .981842189+.34e-7*I], [-.365016283-.60e-8*I, 1.041771702+0.*I, 1.110143483-.24e-7*I], [.339274287e-1-.35e-8*I, -.445456502-.25e-8*I, .474691931-.34e-7*I], [-.288294549+.39e-8*I, .2023409394-.4e-9*I, -.215620633+.4960577001e-7*I], [.3131247321-.3558e-8*I, -.10707619e-1+.1e-8*I, 2.208876656+.15e-7*I], [1.345649948+.776e-8*I, -.104515034+0.*I, -.3198669202-.11e-7*I]]],
 
[[[1, 2, 5], [2, 1, 6], [6, 1, 8], [1, 4, 8], [1, 3, 4], [3, 1, 7], [1, 5, 7], [7, 5, 9], [5, 3, 9], [2, 3, 5], [3, 2, 4], [4, 2, 6], [8, 4, 10], [6, 8, 10], [6, 10, 17], [13, 6, 17], [6, 13, 14], [14, 13, 16], [13, 7, 16], [7, 13, 15], [13, 4, 15], [4, 13, 17], [10, 4, 17], [4, 14, 15], [15, 14, 16], [9, 15, 16], [7, 9, 16], [7, 11, 12], [7, 3, 11], [3, 9, 11], [11, 9, 12], [12, 9, 18], [9, 15, 18], [15, 7, 18], [7, 12, 18], [4, 6, 14]],[[.5000000000, 0., 0.], [-.5000000000, 0., 0.], [.1666666667, .4714045206, .2721655270], [-.1666666667, -.4714045206, .2721655270], [-.1666666667, 0., -.5443310539], [.1666666667, 0., -.5443310539], [-.5555555556e-1, .6285393608, -.5443310539], [-.5555555556e-1, -.7856742012, -.2721655270], [-.3888888889, .1571348402, .2721655270], [-.3888888889, .1571348402, -.2721655270], [-.6111111111, .7856742012, -.2721655270], [-.2777777778, -.1571348402, -.2721655270], [-.9814814815, -.5237828008, 0.], [-.2037037037, .1047565601, 0.], [-1.018518519, .5237828008e-1, .2721655270], [-.4629629630, -.1047565601, -.5443310539], [-.7222222222, -.3142696804, -.5443310539], [-.9444444444, .3142696804, -.5443310539]]],
 
[[[1, 2, 5], [2, 1, 6], [6, 1, 8], [1, 4, 8], [1, 3, 4], [3, 1, 7], [1, 5, 7], [7, 5, 9], [5, 3, 9], [2, 3, 5], [3, 2, 4], [4, 2, 6], [8, 4, 10], [6, 8, 10], [6, 10, 17], [13, 6, 17], [6, 13, 14], [14, 13, 16], [13, 7, 16], [7, 13, 15], [13, 4, 15], [4, 13, 17], [10, 4, 17], [4, 14, 15], [15, 14, 16], [9, 15, 16], [7, 9, 16], [7, 11, 12], [7, 3, 11], [3, 9, 11], [11, 9, 12], [12, 9, 18], [9, 15, 18], [15, 7, 18], [7, 12, 18], [4, 6, 14]],[[.5000000000, 0., 0.], [-.5000000000, 0., 0.], [.1666666667, .4714045206, .2721655270], [-.1666666667, -.4714045206, .2721655270], [-.1666666667, 0., -.5443310539], [.1666666667, 0., -.5443310539], [-.5555555556e-1, .6285393608, -.5443310539], [-.5555555556e-1, -.7856742012, -.2721655270], [-.3888888889, .1571348402, .2721655270], [-.3888888889, .1571348402, -.2721655270], [-.6111111111, .7856742012, -.2721655270], [-.2777777778, -.1571348402, -.2721655270], [-.9259259259e-1, -.2095131202, -1.088662108], [-.6481481481, -.5237828008e-1, -.2721655270], [-.5740740741, .2095131202, -1.088662108], [-.6111111111, -.6285393608, -.5443310539], [-.1851851852e-1, .5237828008e-1, -.2721655270], [-.8333333333, 0., -.5443310539]]],
 
[[[1, 2, 5], [2, 1, 6], [6, 1, 8], [1, 4, 8], [1, 3, 4], [3, 1, 7], [1, 5, 7], [7, 5, 9], [5, 3, 9], [2, 3, 5], [3, 2, 4], [4, 2, 6], [8, 4, 10], [6, 8, 10], [6, 10, 17], [13, 6, 17], [6, 13, 14], [14, 13, 16], [13, 7, 16], [7, 13, 15], [13, 4, 15], [4, 13, 17], [10, 4, 17], [4, 14, 15], [15, 14, 16], [9, 15, 16], [7, 9, 16], [7, 11, 12], [7, 3, 11], [3, 9, 11], [11, 9, 12], [12, 9, 18], [9, 15, 18], [15, 7, 18], [7, 12, 18], [4, 6, 14]],[[.5000000000, 0., 0.], [-.5000000000, 0., 0.], [.3794584833+0.*I, .3255937032+0.*I, .4329399633+.2277732110e-9*I], [-.3794584833+0.*I, -.3255937032+0.*I, .4329399633+.2277732110e-9*I], [-.3794584833+0.*I, .5062845765+0.*I, -.1926764100+.383e-10*I], [.3794584833+0.*I, -.5062845765+0.*I, -.1926764100+.383e-10*I], [.4170865888e-1+0.*I, .7762293709-.3e-8*I, -.4329399633-.2277732110e-9*I], [.4170865888e-1+0.*I, -.4258695716+.2e-8*I, .7801308573+.517e-9*I], [.2589169663-.1e-9*I, .8566443777+.1e-8*I, .5398673039+.278e-9*I], [.2589169663-.1e-9*I, -1.012569154-.1e-8*I, 0.], [.5966667909+.1e-9*I, .7762293709-.3e-8*I, -.4329399633-.2277732110e-9*I], [.3794584833+0.*I, 1.362928948+0.*I, .3471908938+.217e-9*I], [.2589169663-.1e-9*I, .247660955e-1-.1e-7*I, -.857490694e-1+.273779816e-10*I], [1.017833933+.1e-9*I, -.1559247781+0.*I, .5398673039+.278e-9*I], [.1383754499-.1e-9*I, .3503597913+0.*I, .3471908938+.217e-9*I], [.5966667909+.1e-9*I, -.4258695716+.2e-8*I, .7801308573+.517e-9*I], [1.138375450-.1e-9*I, .3503597913+0.*I, .3471908938+.217e-9*I], [1.017833933+.1e-9*I, .6759534991+0.*I, -.857490694e-1+.273779816e-10*I]]],
 
[[[1, 2, 5], [2, 1, 6], [6, 1, 8], [1, 4, 8], [1, 3, 4], [3, 1, 7], [1, 5, 7], [5, 9, 11], [5, 3, 9], [2, 3, 5], [3, 2, 4], [4, 2, 6], [4, 6, 10], [8, 4, 10], [8, 10, 12], [10, 6, 12], [12, 6, 18], [6, 16, 18], [6, 14, 16], [6, 13, 14], [13, 5, 14], [7, 5, 13], [7, 13, 15], [15, 13, 16], [13, 8, 16], [6, 8, 13], [16, 8, 18], [8, 12, 18], [14, 15, 16], [14, 5, 15], [15, 5, 17], [5, 11, 17], [11, 7, 17], [9, 7, 11], [3, 7, 9], [7, 15, 17]],[[.5000000000, 0., 0.], [-.5000000000, 0., 0.], [0., .5000000000, .2429341356], [0., -.5000000000, .2429341356], [0., -.118033988, -.5432172410], [0., .118033988, -.5432172410], [-.118033988, .6180339880, -.4858682712], [-.118033988, -.6180339880, -.4858682712], [-.354101966, -.145898034, .1146979396], [-.354101966, .145898034, .1146979396], [-.763932023, .409830058, -.172046909], [-.763932023, -.409830058, -.172046909], [-.118033988, 0., -1.272019648], [-.736067977, 0., -.4858682712], [-.6180339880, .5000000000, -1.029085512], [-.6180339880, -.5000000000, -1.029085512], [-.736067977, -.145898034, -.6714534370], [-.736067977, .145898034, -.6714534370]]],
 
[[[1, 2, 5], [2, 1, 6], [6, 1, 8], [1, 4, 8], [1, 3, 4], [3, 1, 7], [1, 5, 7], [7, 5, 10], [5, 9, 10], [5, 3, 9], [2, 3, 5], [3, 2, 4], [4, 2, 6], [8, 6, 13], [13, 6, 14], [13, 14, 16], [13, 16, 17], [15, 13, 17], [4, 13, 15], [4, 8, 13], [14, 4, 15], [14, 15, 16], [16, 15, 18], [10, 16, 18], [16, 10, 17], [10, 12, 17], [10, 7, 12], [7, 11, 12], [7, 9, 11], [7, 3, 9], [9, 10, 11], [11, 12, 17], [11, 17, 18], [17, 15, 18], [10, 11, 18], [6, 4, 14]],[[.5000000000, 0., 0.], [-.5000000000, 0., 0.], [-.527864046e-1, .4972057880, .3612411494], [.527864046e-1, -.4972057880, .3612411494], [.527864046e-1, .189915712, -.5845004577], [-.527864046e-1, -.189915712, -.5845004577], [.183281572, .921870228, -.2232593083], [.183281572, -.877037212, -.3612411494], [-.6055728092, .3072900760, -.2232593083], [-.475077641, 1.039244592, -.5845004577], [-.369504832, .731954516, .3612411494], [-.6055728092, 1.419076016, .1379818411], [-.6055728092, -.379831424, 0.], [.183281572, .234748728, 0.], [-.475077641, .352123092, .3612411494], [-.369504832, .44833016e-1, -.5845004577], [-.922291237, .542038804, -.2232593083], [.77708763e-1, .542038804, -.2232593083]]],
 
[[[1, 2, 5], [2, 1, 6], [6, 1, 8], [1, 4, 8], [1, 3, 4], [3, 1, 7], [1, 5, 7], [7, 5, 10], [5, 9, 10], [5, 3, 9], [2, 3, 5], [3, 2, 4], [4, 2, 6], [8, 6, 13], [13, 6, 14], [13, 14, 16], [13, 16, 17], [15, 13, 17], [4, 13, 15], [4, 8, 13], [14, 4, 15], [14, 15, 16], [16, 15, 18], [10, 16, 18], [16, 10, 17], [10, 12, 17], [10, 7, 12], [7, 11, 12], [7, 9, 11], [7, 3, 9], [9, 10, 11], [11, 12, 17], [11, 17, 18], [17, 15, 18], [10, 11, 18], [6, 4, 14]],[[.5000000000, 0., 0.], [-.5000000000, 0., 0.], [.3364076480, .369905251, .2563328572], [-.3364076480, -.369905251, .2563328572], [-.3364076480, .110110951, -.4363622419], [.3364076480, -.110110951, -.4363622419], [-.1448789721, .535167788, -.5456432424], [-.1448789721, -.7619927650, .591450467e-1], [-.1045319727, .386130190, .4423648122], [-.4195211516, .732522962, .3419021321], [.2764402252, .6853046633, -.374622950], [-.290861397, 1.174336913, .209440843], [-.1045319727, 0., -.5871823819], [-.75421114e-1, 0., .412393807], [-.3559938793, .369905251, -.4161972923], [.3559938793, .110110951, .2361679073], [.4596530012, .535167788, .41539139e-1], [-.5291108595, .386130190, .29971006e-1]]],
 
[[[1, 2, 5], [2, 1, 6], [1, 4, 6], [1, 3, 4], [3, 1, 7], [1, 5, 7], [5, 9, 11], [5, 3, 9], [2, 3, 5], [3, 2, 4], [4, 2, 8], [2, 6, 8], [6, 10, 12], [6, 4, 10], [4, 8, 10], [10, 8, 12], [12, 8, 18], [6, 12, 18], [16, 6, 18], [13, 6, 16], [6, 13, 14], [13, 5, 14], [7, 5, 13], [7, 13, 15], [15, 13, 16], [14, 15, 16], [14, 5, 15], [15, 5, 17], [5, 11, 17], [11, 7, 17], [9, 7, 11], [3, 7, 9], [7, 15, 17], [8, 14, 16], [8, 6, 14], [8, 16, 18]],[[.5000000000, 0., 0.], [-.5000000000, 0., 0.], [-.4751251363-.1e-10*I, .1557437187-.53386e-8*I, .4288952425+.4861400824e-10*I], [.4751251363+.1e-10*I, -.1557437187+.53386e-8*I, .4288952425+.4861400824e-10*I], [.4751251363+.1e-10*I, .3946546963-.13524e-7*I, .2290303711+.1e-9*I], [-.4751251363-.1e-10*I, -.3946546963+.13524e-7*I, .2290303711+.1e-9*I], [-.3285578148+.26e-9*I, -.2729110180+.9289e-8*I, .4888880514+.7e-9*I], [.3285578148-.26e-9*I, .2729110180-.9289e-8*I, .4888880514+.7e-9*I], [.5915502516-.11e-9*I, .1107505797-.3814e-8*I, .5676594328-.3e-9*I], [-.5915502516+.11e-9*I, -.1107505797+.3814e-8*I, .5676594328-.3e-9*I], [-.2797020411+.29e-9*I, -.2323297919+.795e-8*I, .3634825120e-1-.30e-9*I], [.2797020411-.29e-9*I, .2323297919-.795e-8*I, .3634825120e-1-.30e-9*I], [.917329826e-1+.2e-9*I, .4915130409-.1678e-7*I, 0.], [-.917329826e-1-.2e-9*I, -.4915130409+.1678e-7*I, 0.], [.659308400e-1+.3e-9*I, -.4956340723+.1708e-7*I, .4288952425+.4861400824e-10*I], [-.659308400e-1-.3e-9*I, .4956340723-.1708e-7*I, .4288952425+.4861400824e-10*I], [.2174000418+.55e-9*I, .5611903637-.1923e-7*I, .5676594328-.3e-9*I], [-.2174000418-.55e-9*I, -.5611903637+.1923e-7*I, .5676594328-.3e-9*I]]],
 
[[[1, 2, 5], [2, 1, 6], [1, 4, 6], [1, 3, 4], [3, 1, 7], [1, 5, 7], [5, 9, 11], [5, 3, 9], [2, 3, 5], [3, 2, 4], [4, 2, 8], [2, 6, 8], [6, 10, 12], [6, 4, 10], [4, 8, 10], [10, 8, 12], [12, 8, 18], [6, 12, 18], [16, 6, 18], [13, 6, 16], [6, 13, 14], [13, 5, 14], [7, 5, 13], [7, 13, 15], [15, 13, 16], [14, 15, 16], [14, 5, 15], [15, 5, 17], [5, 11, 17], [11, 7, 17], [9, 7, 11], [3, 7, 9], [7, 15, 17], [8, 14, 16], [8, 6, 14], [8, 16, 18]],[[.5000000000, 0., 0.], [-.5000000000, 0., 0.], [-.2012848775+.20e-9*I, .4576946529+.492e-9*I, .4748402898-.3991833445e-10*I], [.2012848775-.20e-9*I, -.4576946529-.492e-9*I, .4748402898-.3991833445e-10*I], [.2012848775-.20e-9*I, .4913440647+.89e-9*I, -.4399303419-.8e-9*I], [-.2012848775+.20e-9*I, -.4913440647-.89e-9*I, -.4399303419-.8e-9*I], [.3687399044-.1e-9*I, .9001081734+.55e-9*I, .4154227389-.7e-9*I], [-.3687399044+.1e-9*I, -.9001081734-.55e-9*I, .4154227389-.7e-9*I], [-.3048707144-.4e-9*I, .9943719194+.93e-9*I, -.3176277915+.4e-9*I], [.3048707144+.4e-9*I, -.9943719194-.93e-9*I, -.3176277915+.4e-9*I], [.5587481651-.1e-9*I, 1.363925586+.97e-9*I, -.1070317467+.30e-9*I], [-.5587481651+.1e-9*I, -1.363925586-.97e-9*I, -.1070317467+.30e-9*I], [-.3562943225-.5e-9*I, .3507910414+.1e-9*I, 0.], [.3562943225+.5e-9*I, -.3507910414-.1e-9*I, 0.], [.4645436892-.25e-9*I, .1849301499+.3e-9*I, .4748402898-.3991833445e-10*I], [-.4645436892+.25e-9*I, -.1849301499-.3e-9*I, .4748402898-.3991833445e-10*I], [.9148809389-.19e-9*I, .4946863113+.1e-9*I, -.3176277909+.2e-9*I], [-.9148809389+.19e-9*I, -.4946863113-.1e-9*I, -.3176277909+.2e-9*I]]],
 
[[[1, 2, 5], [2, 1, 6], [1, 4, 6], [1, 3, 4], [3, 1, 7], [1, 5, 7], [5, 9, 11], [5, 3, 9], [2, 3, 5], [3, 2, 4], [4, 2, 8], [2, 6, 8], [6, 10, 12], [6, 4, 10], [4, 8, 10], [10, 8, 12], [12, 8, 18], [6, 12, 18], [16, 6, 18], [13, 6, 16], [6, 13, 14], [13, 5, 14], [7, 5, 13], [7, 13, 15], [15, 13, 16], [14, 15, 16], [14, 5, 15], [15, 5, 17], [5, 11, 17], [11, 7, 17], [9, 7, 11], [3, 7, 9], [7, 15, 17], [8, 14, 16], [8, 6, 14], [8, 16, 18]],[[.5000000000, 0., 0.], [-.5000000000, 0., 0.], [.2236067977, .4472135954, 1.376381920], [-.2236067977, -.4472135954, 1.376381920], [-.2236067977, 1.170820393, .8506508078], [.2236067977, -1.170820393, .8506508078], [.9472135954, .8944271908, 0.], [-.9472135954, -.8944271908, 0.], [1.394427191, 1.170820393, .8506508078], [-1.394427191, -1.170820393, .8506508078], [.2236067977, 2.065247584, .8506508078], [-.2236067977, -2.065247584, .8506508078], [.5000000000, 0., 1.701301616], [-.5000000000, 0., 1.701301616], [.2236067977, .4472135954, .324919695], [-.2236067977, -.4472135954, .324919695], [.9472135954, .8944271908, 1.701301616], [-.9472135954, -.8944271908, 1.701301616]]],
 
[[[1, 2, 5], [2, 1, 6], [1, 4, 6], [1, 3, 4], [3, 1, 7], [1, 5, 7], [5, 9, 11], [5, 3, 9], [2, 3, 5], [3, 2, 4], [4, 2, 8], [2, 6, 8], [6, 10, 12], [6, 4, 10], [4, 8, 10], [10, 8, 12], [12, 8, 18], [6, 12, 18], [16, 6, 18], [13, 6, 16], [6, 13, 14], [13, 5, 14], [7, 5, 13], [7, 13, 15], [15, 13, 16], [14, 15, 16], [14, 5, 15], [15, 5, 17], [5, 11, 17], [11, 7, 17], [9, 7, 11], [3, 7, 9], [7, 15, 17], [8, 14, 16], [8, 6, 14], [8, 16, 18]],[[.5000000000, 0., 0.], [-.5000000000, 0., 0.], [.2236067977, -.4472135954, 1.376381920], [-.2236067977, .4472135954, 1.376381920], [-.2236067977, -1.170820393, .8506508078], [.2236067977, 1.170820393, .8506508078], [.9472135954, -.8944271908, 0.], [-.9472135954, .8944271908, 0.], [1.394427191, -1.170820393, .8506508078], [-1.394427191, 1.170820393, .8506508078], [.2236067977, -2.065247584, .8506508078], [-.2236067977, 2.065247584, .8506508078], [.5000000000, 0., 1.701301616], [-.5000000000, 0., 1.701301616], [.2236067977, -.4472135954, .324919695], [-.2236067977, .4472135954, .324919695], [.9472135954, -.8944271908, 1.701301616], [-.9472135954, .8944271908, 1.701301616]]],
 
